1998 Slobbers

BATTING

NAME         AVG   OBP   SPC   G  AB   H 2B 3B HR   R RBI  BB   K HB IW  SB CS
 
 Howard     1.000 1.000 1.000   2   2   2  0  0  0   1   1   1   0  0  0   0  0 
 H'lndswrth  .307  .358  .431  41 137  42  9  1  2  20  10  10  26  1  0   3  3 
 Greer       .299  .396  .448 156 576 172 32  3 16  81  68  90  77  5  0   1  4 
 Stevens     .287  .326  .478 137 523 150 33  2 21  60  87  32 106  0  0   1  0 
 Sojo        .271  .314  .306  44 144  39  2  0  1  18  15   8  11  1  0   1  3 
 Cirillo     .266  .354  .402 154 594 158 38  2 13  84  69  64  95 18  0   3  1 
 Lansing     .253  .318  .443 139 573 145 43  0 22  75  70  50 126  5  0  13  7 
 Grudz'lnek  .244  .285  .342 155 623 152 38  4  5  59  58  22  92 15  0  22 11 
 McGwire     .233  .348  .580 156 579 135 24  0 59 109 112  94 185  8  4   1  1 
 Johnson     .233  .315  .420 124 412  96 26  0 17  52  56  49 130  1  0   0  1 
 Nixon       .224  .323  .267 135 464 104 17  0  1  62  26  68  67  0  0  66 11 
 Magadan     .221  .327  .247  66 190  42  5  0  0  17  14  28  28  2  1   0  0 
 Cruz        .219  .291  .444 102 374  82 11  2 23  46  61  39 119  1  1   7  1 
 Carter      .217  .248  .429  67 198  43  6  3 10  24  28   7  38  1  0   2  2 
 Matheny     .181  .263  .239  50 138  25  5  0  1  10  12  12  23  4  0   0  0 
 Wilson      .000  .000  .000   3   3   0  0  0  0   0   0   0   3  0  0   0  0 
 Elster      .000  .000  .000   1   1   0  0  0  0   0   0   0   0  0  0   0  0 

 Team Total  .251  .327  .413 162    1387    17    718     574     62    120
                                 5531    289   191     687    1126     6     45
 
 
 
 PITCHING
 
  NAME         ERA  W  L  S   G GS CG SH    IP   H   R  ER  BB   K   BF HR WP DP
 
nJones       2.59  3  3 26  50  0  0  0  62.2  58  19  18  14  56  254  4  3  7
 Eckersley   3.54  3  4  3  33  0  0  0  40.2  45  16  16  10  33  174  2  0  4
 Carpenter   3.60  2  1  0   4  4  0  0  25.0  25  11  10   9  12  105  1  1  2
 Millwood    4.05  1  4  1  23  0  0  0  40.0  52  19  18  22  28  184  2  0  6
 Sele        4.15 13 15  0  33 33  6  2 223.1 209 110 103 105 145  966 27  6 15
 Whiteside   4.20  1  2  0  25  1  0  0  49.1  56  25  23  12  25  208  4  0  5
rHarris      4.28  9  4  3  49  0  0  0  73.2  83  36  35  39  47  317  6  7 21
rEyre        4.52  2  7  0  11 11  0  0  65.2  63  42  33  33  40  291 14  3  5
 Ogea        4.68  2 13  0  20 20  4  0 127.0 150  76  66  37  79  546 14  5 17
rCastillo,C  4.78  1  2  0  34  0  0  0  86.2  88  52  46  38  55  380 15 11  3
 Jones       4.91 11 11  0  30 30  5  1 211.0 220 124 115  87 129  921 38  2 15
 Burkett     5.10 10 11  0  31 30  1  0 188.2 252 119 107  29 128  837 25  1 17
 Santana     5.48  0  0  0  12  0  0  0  23.0  28  14  14  14  17  108  2  2  2
 Brandenbrg  5.59  2  0  0   8  0  0  0   9.2  11   6   6   7   9   48  1  1  1
 Burba       5.64  6 15  0  27 27  2  0 170.2 198 117 107  77 132  773 25  2 14
 Fossas      8.53  0  1  0  18  0  0  0  19.0  22  18  18   9  15   86  3  0  1
rBere        9.00  1  2  0   6  6  0  0  27.0  30  27  27  29  15  138  4  2  0

 Team Total  4.75    95    162    18   1443.0     831     571     6336    46
                  67    33    162     4      1590     762     965     187   135
 
 
 FIELDING
 
 POS NAME             G    GS    PO     A     E    DP    TC     PCT   PB
 
p   Burkett         31    30    18    20     0     4    38   1.000
    Sele            33    33    11    23     1     1    35    .971
    Jones           30    30    14    16     1     1    31    .968
    Burba           27    27    11    12     1     0    24    .958
    Ogea            20    20     9    10     3     1    22    .864
    Whiteside       25     1     6     6     0     1    12   1.000
   rEyre            11    11     5     4     0     0     9   1.000
   rHarris          49     0     0     8     0     2     8   1.000
    Millwood        23     0     1     6     1     0     8    .875
   rCastillo,C      34     0     4     3     0     0     7   1.000
   nJones           50     0     1     4     1     0     6    .833
    Fossas          18     0     2     3     0     0     5   1.000
   rBere             6     6     3     2     0     1     5   1.000
    Eckersley       33     0     1     3     0     0     4   1.000
    Carpenter        4     4     0     3     0     0     3   1.000
    Santana         12     0     2     1     0     0     3   1.000
    Brandenbrg       8     0     0     1     0     0     1   1.000
                   414   162    88   125     8    11   221    .964
 
c   Johnson        123   119   777    68     0     3   845   1.000    0
    Matheny         44    43   279    22     4     1   305    .987    1
                   167   162  1056    90     4     4  1150    .997    1
 
1b  McGwire        155   155  1235    93     6   135  1334    .996
    Stevens          5     5    39     5     0     7    44   1.000
    Carter           2     2    17     2     0     1    19   1.000
                   162   162  1291   100     6   143  1397    .996
 
2b  Lansing        139   137   295   420    13   105   728    .982
    Sojo            25    25    38    72     3    17   113    .973
                   164   162   333   492    16   122   841    .981
 
3b  Cirillo        154   154   118   269    17    33   404    .958
    Magadan          7     7     9     5     2     0    16    .875
    Sojo             2     1     3     2     0     0     5   1.000
                   163   162   130   276    19    33   425    .955
 
ss  Grudz'lnek     155   155   228   454    34    99   716    .953
    Sojo             7     7    10    17     0     2    27   1.000
    Elster           1     0     0     0     0     0     0    .000
                   163   162   238   471    34   101   743    .954
 
lf  Greer          114   114   274    18     6     0   298    .980
    Cruz            21    20    50     1     1     0    52    .981
    H'lndswrth      26    20    44     6     0     0    50   1.000
    Carter           7     7    18     0     0     0    18   1.000
    Stevens          1     1     4     0     0     0     4   1.000
    Nixon            2     0     0     0     0     0     0    .000
                   171   162   390    25     7     0   422    .983

                                        
 
POS NAME             G    GS    PO     A     E    DP    TC     PCT   PB
 
cf  Nixon          113   113   260    19     0     4   279   1.000
    Greer           48    42   126     6     8     0   140    .943
    Cruz             5     5    14     1     0     0    15   1.000
    H'lndswrth       2     2     4     0     0     0     4   1.000
    Carter           2     0     1     1     0     0     2   1.000
                   170   162   405    27     8     4   440    .982
 
rf  Stevens        130   128   309    21     2     1   332    .994
    Cruz            17    17    45     1     0     0    46   1.000
    H'lndswrth       9     9    25     1     0     0    26   1.000
    Carter           8     8    19     3     0     0    22   1.000
                   164   162   398    26     2     1   426    .995
 
    Team Total     162   162  4329  1632   104   157  6065    .983    1

