1999 Two-Fisted Slobbers

Batting

 NAME         AVG   OBP   SPC   G  AB   H 2B 3B HR   R RBI  BB   K HB IW  SB CS
 
rMagadan     .542  .556  .708   9  24  13  4  0  0   5   5   2   4  0  0   0  1 
rHelms       .375  .333  .375   6   8   3  0  0  0   0   1   0   5  0  0   0  0 
rWilson      .364  .417  .727   3  11   4  1  0  1   1   5   1   1  0  0   0  0 
 Cirillo     .325  .406  .453 156 625 203 42  1 12 116  87  83  97  7  1  16  9 
 Cruz        .314  .437  .487  61 156  49 15  0  4  21  19  33  33  1  0  12  0 
 McGwire     .295  .448  .692 152 535 158 20  0 64 125 150 149 187  5 19   1  1 
 Vina        .289  .382  .433 159 653 189 33  8 15 114  82  76  51 25  0  33 23 
 Nixon       .278  .347  .325 104 338  94  7  3  1  57  23  37  42  0  0  51 14 
rH'lndswrth  .276  .319  .397  45 156  43  6  5  1  13  17  10  42  0  0   7  3 
 Arias       .275  .290  .363  32  91  25  5  0  1   7   6   2  20  0  0   0  0 
 Grudz'lnek  .270  .322  .365 151 562 152 18  1 11  63  74  29  88 15  0  30  5 
 Greer       .267  .364  .380 155 602 161 34  5  8  75  74  87 107  5  1   1  1 
 Carter      .247  .289  .478  75 255  63 18  1 13  33  47  15  47  1  0   0  0 
 Lawton      .241  .365  .418 152 555 134 30  7 18  88  82  94  67 15  6  12  6 
 Stevens     .241  .309  .431 112 427 103 20  8 15  58  71  42  94  0  0   1  1 
 Johnson     .214  .285  .338 127 426  91 12  1 13  61  45  40 134  3  3   0  0 
 Matheny     .204  .256  .312  57 157  32  5  0  4  14  11   3  33  8  0   0  0 

 Team Total  .272  .360  .432 162    1517    40    851     703     85    164
                                 5581    270   181     799    1052    30     64
 

Pitching

 NAME         ERA  W  L  S   G GS CG SH    IP   H   R  ER  BB   K   BF HR WP DP
 
rEyre        0.00  2  0  0   2  0  0  0   3.1   0   0   0   6   0   16  0  0  0
rDeL'Santos  1.69  0  0  2   5  0  0  0   5.1   2   1   1   0   3   18  1  0  0
rPaniagua    2.65  2  3  3  11  0  0  0  17.0  10   7   5   4  14   66  2  4  1
 Aguilera    2.67  5  3 30  52  0  0  0  57.1  42  17  17   9  50  218 10  0  5
 Harris      3.80  2  6  3  31  0  0  0  42.2  32  20  18  26  24  185  3  3  3
 Burba       4.24 15  8  0  31 31  5  1 218.2 228 108 103  76 144  943 27  3 17
 Jones       4.51 13 10  0  30 30  5  2 199.2 216 104 100  55 117  853 30  1 18
 Pavano      4.67  9  6  0  22 22  2  1 142.2 131  81  74  49  91  608 23  0  4
rOgea        4.91  1  2  2  20  0  0  0  36.2  48  26  20  13  28  174  4  0  3
 Castillo,C  5.05  8  5  5  56  0  0  0  73.0  72  45  41  39  51  324 12  5  6
rGorecki     5.14  0  0  0   1  1  0  0   7.0   7   5   4   6   5   32  0  0  1
 Carpenter   5.15  7 10  0  24 24  2  0 160.2 196 103  92  58 113  724 22  4 13
 Sele        5.25  8 14  0  33 33  4  0 205.2 244 142 120  84 174  933 28  3 10
 Ponson      5.38  8  5  0  36 10  2  0 118.2 135  77  71  48  92  535 18  4 10
rBurkett     6.20  1  3  0  11 11  0  0  65.1  90  49  45  11  48  299 10  2  7
 Santana     7.88  2  3  0  22  0  0  0  40.0  53  36  35  27  19  198 10  0  4
 Bere        8.54  1  1  0  20  0  0  0  39.0  45  41  37  32  20  197 11  6  0
 Vazquez    13.50  0  0  0   6  0  0  0  12.0  18  18  18  13  11   67  3  0  0

 Team Total  4.99    79    162    20   1444.2     880     556     6390    35
                  84    45    162     5      1569     801    1004     214   102
 
 
 

Fielding

POS NAME             G    GS    PO     A     E    DP    TC     PCT   PB
 
p   Carpenter       24    24    12    22     4     2    38    .895
    Jones           30    30    12    19     1     4    32    .969
    Pavano          22    22    13    15     1     1    29    .966
    Sele            33    33     7    18     1     1    26    .962
    Burba           31    31     9    15     2     0    26    .923
    Ponson          36    10     6     3     4     0    13    .692
    Santana         22     0     6     3     2     0    11    .818
   rBurkett         11    11     1     9     0     1    10   1.000
    Castillo,C      56     0     3     6     0     0     9   1.000
    Bere            20     0     3     4     1     0     8    .875
    Aguilera        52     0     1     7     0     0     8   1.000
    Harris          31     0     4     3     0     0     7   1.000
   rOgea            20     0     3     3     0     0     6   1.000
   rPaniagua        11     0     0     2     0     0     2   1.000
   rGorecki          1     1     0     0     0     0     0    .000
    Vazquez          6     0     0     0     0     0     0    .000
   rEyre             2     0     0     0     0     0     0    .000
   rDeL'Santos       5     0     0     0     0     0     0    .000
                   413   162    80   129    16     9   225    .929
 
c   Johnson        126   120   770    49     9     3   828    .989    0
    Matheny         54    42   296    24     9     0   329    .973    2
                   180   162  1066    73    18     3  1157    .984    2
 
1b  McGwire        152   152  1170    80    17    96  1267    .987
   rMagadan          5     5    34     6     0     4    40   1.000
    Carter           4     3    24     1     1     2    26    .962
    Stevens          2     2    15     1     0     2    16   1.000
                   163   162  1243    88    18   104  1349    .987
 
2b  Vina           159   159   299   463    14    81   776    .982
    Arias            3     3     8     6     2     2    16    .875
                   162   162   307   469    16    83   792    .980
 
3b  Cirillo        156   156   128   283     6    24   417    .986
    Arias            6     6     1     6     2     0     9    .778
                   162   162   129   289     8    24   426    .981
 
ss  Grudz'lnek     151   151   213   440    25    76   678    .963
    Arias           18     9    19    34     2     5    55    .964
   rWilson           2     2     1     7     0     1     8   1.000
                   171   162   233   481    27    82   741    .964
 
lf  Greer          155   155   420    23     1     2   444    .998
   rH'lndswrth       4     4     6     0     1     0     7    .857
    Lawton           3     3     7     0     0     0     7   1.000
                   162   162   433    23     2     2   458    .996

 
cf  Nixon           98    98   248    14     0     1   262   1.000
    Cruz            48    42   123     3     4     0   130    .969
   rH'lndswrth      21    21    66     4     5     1    75    .933
    Lawton           2     1     6     1     0     0     7   1.000
                   169   162   443    22     9     2   474    .981
 
rf  Lawton         147   147   363    13     2     1   378    .995
   rH'lndswrth      10    10    22     1     1     0    24    .958
    Stevens          4     4     5     4     0     0     9   1.000
    Carter           1     1     2     0     0     0     2   1.000
                   162   162   392    18     3     1   413    .993
 
    Team Total     162   162  4326  1592   117   114  6035    .981    2

