2000 Two-Fisted Slobbers

NAME         AVG   OBP   SPC   G  AB   H 2B 3B HR   R RBI  BB   K HB IW  SB CS
 
rKingsale    .412  .474  .529   7  17   7  2  0  0   1   6   2   2  0  0   0  1 
 Arias       .344  .401  .471 102 448 154 18  3 11  78  72  41  51  3  2   3  2 
 Delgado     .333  .390  .417  32 108  36  7  1  0  14  14   8  16  2  0   1  0 
 Becker      .313  .454  .476 107 368 115 17  5 11  83  52  96 125  0  3  11  6 
 H'lndswrth  .303  .369  .491  58 218  66  9  1 10  40  36  23  47  0  1   2  3 
rDavis       .298  .375  .386  16  57  17  5  0  0   9   7   7  11  0  0   1  0 
 McGwire     .294  .410  .755 153 605 178 28  1 83 140 179 114 171  7 13   0  1 
 Stevens     .289  .335  .420 143 602 174 36  2 13  83  78  43 153  1  0   3  3 
 Cirillo     .288  .350  .414 158 681 196 38  3 14 108  84  60 109  5  0   7  2 
 Greer       .287  .406  .457 147 534 153 46  0 15  90  93 110  64  1  4   1  1 
rGrudz'lnek  .284  .332  .391 121 507 144 23  2  9  75  50  22  65 15  0   3  1 
 Johnson,C   .273  .338  .399 133 491 134 28  5  8  60  77  46 111  3  2   0  0 
rVina        .257  .314  .343  33 140  36  9  0  1  20  14  10  13  2  0   6  1 
 Matheny     .242  .299  .339  21  62  15  6  0  0   1   8   5  17  0  0   0  1 
 Lawton      .231  .322  .304 118 424  98 10  0  7  62  51  55  39  4  0  34  9 
 Cruz        .221  .340  .357  75 244  54 16  1  5  41  26  44  71  0  1  14  6 
 Magadan     .217  .369  .253  31  83  18  3  0  0  12   6  20  10  0  0   0  0 
 Wilson      .211  .287  .276  49 152  32 10  0  0   8  18  17  25  0  0   2  1 
rWells,V     .000  .000  .000   1   1   0  0  0  0   0   0   0   0  0  0   0  0 

 Team Total  .283  .366  .444 162    1627    24    925     723     43     88
                                 5742    311   187     871    1100    26     38
 
 
 

 NAME         ERA  W  L  S   G GS CG SH    IP   H   R  ER  BB   K   BF HR WP DP
 
rDeLosSants  0.00  0  0  0   2  0  0  0   0.1   1   0   0   0   1    2  0  0  0
rBere        0.00  0  0  0   1  0  0  0   0.1   0   0   0   3   0    4  0  0  0
 Jones       3.05  0  1  1  16  0  0  0  38.1  45  13  13   6  26  162  3  0  2
 Aguilera    3.24  8  4 24  54  0  0  0  66.2  62  24  24  12  40  268  8  3  9
 Jones       4.52  5  5  1  42  0  0  0  65.2  75  33  33  17  48  277 10  0  8
 Ponson      4.56 17  7  0  32 32  6  0 219.0 232 127 111  75 118  951 27  8 15
 Paniagua    4.60  0  3  6  18  0  0  0  29.1  30  17  15  19  31  135  3  3  3
 Burba       5.07 12  8  0  32 32  5  1 213.0 226 125 120  92 141  931 34 12 18
rPavano      5.36  8  3  0  16 15  2  0 100.2 125  66  60  43  63  469 11  1  9
 Sele        5.42 12 13  0  33 33  8  1 227.2 291 158 137  72 197 1021 33  4 17
 Ayala       5.68  9  2  2  55  0  0  0  84.0  92  55  53  38  74  385 12  6  3
 Ogea        5.99  5  4  0  34  0  0  0  85.2 112  67  57  31  33  398 15  6  4
 Vazquez     6.45  7 11  0  27 27  5  1 166.0 194 123 119  67 111  743 29  1  9
 Carpenter   6.55  5 11  0  23 23  2  0 134.2 186 106  98  60 102  638 18 12 11
rCastillo    7.71  0  2  0  12  0  0  0  28.0  48  28  24  11  16  140  9  1  2
 
 Johnson,C   0.00  0  0  0   1  0  0  0   0.2   0   0   0   0   0    1  0  0  1

 Team Total  5.33    74    162    28   1460.0     942     546     6525    57
                  88    34    162     4      1719     864    1001     212   111
  
    

         DMB League Fielding Statistics:  2000 TWO FISTED SLOBBERS
                                        
 
POS NAME             G    GS    PO     A     E    DP    TC     PCT   PB
 
p   Burba           32    32    15    24     0     2    39   1.000
    Sele            33    33    19    16     2     1    37    .946
    Ponson          32    32     9    21     0     2    30   1.000
    Vazquez         27    27    11    16     0     0    27   1.000
   rPavano          16    15     9    14     0     1    23   1.000
    Carpenter       23    23     5    12     2     2    19    .895
    Ayala           55     0     4    12     1     0    17    .941
    Aguilera        54     0     8     5     0     2    13   1.000
    Jones           42     0     3     9     0     1    12   1.000
    Ogea            34     0     5     4     1     0    10    .900
   rCastillo        12     0     2     2     0     1     4   1.000
    Paniagua        18     0     1     2     1     0     4    .750
    Jones           16     0     1     2     0     0     3   1.000
   rDeLosSants       2     0     0     0     0     0     0    .000
   rBere             1     0     0     0     0     0     0    .000
    Johnson,C        1     0     0     0     0     0     0    .000
                   398   162    92   139     7    12   238    .971
 
c   Johnson,C      132   130   837    66    10     2   913    .989    0
    Matheny         20    16   122     8     3     1   133    .977    1
   rDavis           16    16   104    12     6     0   122    .951    3
                   168   162  1063    86    19     3  1168    .984    4
 
1b  McGwire        153   153  1261   100    16   108  1377    .988
    Magadan         10     9    74     5     0     8    79   1.000
                   163   162  1335   105    16   116  1456    .989
 
2b  Arias           98    98   174   274    12    54   460    .974
    Wilson          39    32    80    94     2    21   176    .989
   rVina            33    32    75    84     3    20   162    .981
    Delgado          1     0     0     0     0     0     0    .000
                   171   162   329   452    17    95   798    .979
 
3b  Cirillo        158   158   133   306    13    34   452    .971
    Magadan          4     4     1    11     0     2    12   1.000
                   162   162   134   317    13    36   464    .972
 
ss rGrudz'lnek     120   119   156   344    11    55   511    .978
    Delgado         31    31    42    97     6    14   145    .959
    Wilson          10     9    10    27     2     3    39    .949
    Arias           11     3     8    20     0     2    28   1.000
                   172   162   216   488    19    74   723    .974
 
lf  Greer          146   146   349    20     3     0   372    .992
    Becker          12    12    33     0     0     0    33   1.000
    Cruz             4     2     9     0     0     0     9   1.000
    H'lndswrth       2     2     3     1     0     0     4   1.000
                   164   162   394    21     3     0   418    .993
          
                                        
 
POS NAME             G    GS    PO     A     E    DP    TC     PCT   PB
 
cf  Becker          83    83   227    10     7     1   244    .971
    Cruz            53    53   144     8     2     1   154    .987
    H'lndswrth      22    21    60     2     1     1    63    .984
   rKingsale         7     5    13     2     0     0    15   1.000
                   165   162   444    22    10     3   476    .979
 
rf  Lawton         118   117   263    20     6     2   289    .979
    H'lndswrth      31    31    79     3     2     2    84    .976
    Cruz            12    12    27     2     1     0    30    .967
    Becker           2     2     4     0     0     0     4   1.000
                   163   162   373    25     9     4   407    .978
 
    Team Total     162   162  4380  1655   113   126  6148    .982    4

