2001 Two-Fisted Slobbers

Batting

S Name               P    AVG   OBP   SPC    G   AB    H  2B  3B  HR    R  RBI   BB    K HBP  IW  SB  CS 
  Sheffield          lf  .369  .468  .736  141  518  191  35   4  49  135  136   95   72   5   1   2   1 
  Stevens*           1b  .322  .396  .559  103  410  132  35   1  20   69   88   49   88   2   1   0   0 
f McGwire            1b  .317  .458  .777   89  319  101  15   0  44   93  100   79   98  10   4   0   0 
  Greer*             lf  .312  .389  .458   74  253   79  25   0   4   43   33   31   46   1   2   2   1 
  Johnson,C          c   .304  .384  .546  127  460  140  22   1  29   83   90   60  119   2   0   0   0 
  Justice*           lf  .296  .385  .634  146  582  172  35   3  52  132  154   85   90   3   0   2   0 
  Lawton*            rf  .283  .387  .423  156  647  183  54   2  11  117   79  105   86   6   6  24   7 
  Vina*              2b  .272  .358  .345  114  441  120  16   2   4   63   43   36   37  23   0  14   4 
  Cirillo            3b  .263  .336  .372  156  670  176  50   1   7  110   84   67   76   9   0   0   0 
  Grudz'lnek         2b  .259  .316  .376  148  556  144  31   5   8   78   73   38   63  10   2   8   3 
  Richard*           1b  .257  .297  .486   10   35    9   2   0   2    5    7    2    8   0   0   1   2 
  Cruz#              cf  .236  .299  .476   97  330   78  18   2  19   47   71   29   58   2   1   1   1 
  H'lndswrth*        lf  .234  .321  .394   75   94   22   3   0   4   17   12   12   24   0   1   1   0 
  Marrero            c   .231  .304  .441   48  143   33   8   2   6   25   17   13   20   3   0   5   1 
  Delgado#           2b  .214  .279  .250   40  140   30   5   0   0   19    9   13   35   0   0   0   1 
  Arias              ss  .182  .206  .222   29   99   18   4   0   0    4    8    2   19   1   0   0   0 
  Magadan*           3b  .100  .300  .233   14   30    3   1   0   1    6    3    9    5   0   0   0   0 
  Pitchers               .000  .000  .000  162    0    0   0   0   0    0    0    0    0   0   0   0   0 
  Total                  .285  .370  .492  162 5727 1631 359  23 260 1046 1007  725  944  77  18  60  21 



 

Pitching

S Name               P     ERA   W   L   S   G  GS  CG SHO     INN    H    R   ER   BB    K  HR GDP    BF 
  Garibay*           mr   2.89   2   1   0   5   0   0   0     9.1   10    4    3    2    6   0   1    41 
  Pavano             sp   3.93   3   1   5  28   4   1   0    84.2   72   38   37   29   48   4  21   343 
  Kohlmeier          cl   4.15   0   1  11  19   0   0   0    21.2   24   10   10   11   15   1   2    96 
  Paniagua           mr   4.23   6   4   5  61   0   0   0    76.2   76   41   36   37   77   9  10   335 
  Jones,D            mr   4.28   3   4   0  30   0   0   0    67.1   83   34   32   18   44   7   5   300 
  Vazquez            sp   4.89  15  10   0  33  33   7   0   219.0  260  127  119   41  172  32  20   935 
  Painter*           mr   5.00   1   1   2   7   0   0   0     9.0    9    5    5    4    8   1   1    39 
  Aguilera           cl   5.09   6   3  10  32   0   0   0    35.1   39   21   20   16   28   7   3   160 
  Morgan             mr   5.60   4   0   0  37   0   0   0    88.1  103   62   55   38   44  13  12   399 
  Ponson             sp   5.68  12  14   0  32  32   6   0   201.1  220  136  127   75  139  45  14   877 
  Jones(R)           sp   5.71   3   5   0  11  11   2   1    64.2   80   48   41   19   34  10   7   286 
  Bere               sp   6.05   6   5   0  18  18   0   0    86.1  109   61   58   47   64  14   4   408 
  Sele               sp   6.46   7   9   0  33  33   1   1   172.2  220  132  124   64   90  26  17   781 
  Burba              sp   7.01  10  13   0  31  31   1   0   173.1  244  139  135   89  142  19  16   824 
  Almanzar           mr   7.65   0   3   4  31   0   0   0    40.0   58   38   34   13   31  11   4   192 
  Manzanillo         mr   9.16   2   5   1  39   0   0   0    38.1   61   41   39   29   24   8   3   201 
  Carpenter          sp   9.23   2   1   0  24   0   0   0    52.2   83   58   54   36   22  15   5   274 
  Total                   5.80  82  80  38 162 162  18   4  1440.2 1751  995  929  568  988 222 145  6491 

 

Fielding

Pos  S Name                     G  GS    INN   PO    A   E  DP   TC    PCT  PB  SB  CS   SB%  PK 
p      Javier Vazquez          33  33  219.0   16   15   0   0   31  1.000       5   1  .833   1 
       Mike Morgan             37   0   88.3    9   17   0   1   26  1.000       1   0 1.000   0 
       Aaron Sele              33  33  172.7    7   17   1   1   25   .960      13   7  .650   0 
       Dave Burba              31  31  173.3    8   10   0   0   18  1.000      27   7  .794   1 
       Sidney Ponson           32  32  201.3    8   10   0   0   18  1.000       6   8  .429   3 
       Doug Jones              30   0   67.3    8    6   0   1   14  1.000       3   0 1.000   0 
       Carl Pavano             28   4   84.7    3   10   0   0   13  1.000       6   1  .857   0 
       Jason Bere              18  18   86.3    3    8   0   1   11  1.000       3   3  .500   0 
       Jose Paniagua           61   0   76.7    1    6   0   1    7  1.000       3   3  .500   0 
       Chris Carpenter         24   0   52.7    3    3   0   0    6  1.000       0   1  .000   0 
       Carlos Almanzar         31   0   40.0    2    2   1   0    5   .800       3   0 1.000   0 
       Bobby J. Jones          11  11   64.7    2    2   1   0    5   .800       4   4  .500   0 
       Josias Manzanillo       39   0   38.3    2    2   1   0    5   .800       2   2  .500   0 
       Rick Aguilera           32   0   35.3    4    0   0   1    4  1.000       2   0 1.000   0 
       Ryan Kohlmeier          19   0   21.7    1    2   0   1    3  1.000       0   0  .000   0 
       Daniel Garibay           5   0    9.3    1    0   0   0    1  1.000       0   0  .000   0 
       Lance Painter            7   0    9.0    0    0   0   0    0   .000       1   0 1.000   0 
       Total                  471 162 1440.7   78  110   4   7  192   .979      79  37  .681   5 
                                                                                                 
c      Charles Johnson        126 118 1064.3  775   48   9   5  832   .989  14  59  28  .678   2 
       Eli Marrero             44  44  376.3  294   22   1   3  317   .997   6  20   9  .690   2 
       Total                  170 162 1440.7 1069   70  10   8 1149   .991  20  79  37  .681   4 
                                                                                                 
1b     Lee Stevens            103 103  917.7  841   71  14  80  926   .985                       
     f Mark McGwire            53  53  469.0  463   26   1  62  490   .998                       
       Chris Richard            6   6   54.0   46    5   1   6   52   .981                       
       Total                  162 162 1440.7 1350  102  16 148 1468   .989                       
                                                                                                 
2b     Fernando Vina          114 114 1016.0  248  371   5  94  624   .992                       
       Alex Arias              28  26  223.3   50   75   2  19  127   .984                       
       Wilson Delgado          22  22  195.3   46   70   1  12  117   .991                       
       Mark Grudzielanek        3   0    5.0    4    3   1   1    8   .875                       
       Todd Hollandsworth       1   0    1.0    0    0   0   0    0   .000                       
       Total                  168 162 1440.7  348  519   9 126  876   .990                       
                                                                                                 
3b     Jeff Cirillo           156 156 1384.7  119  278  10  33  407   .975                       
       Dave Magadan             6   6   56.0    2    9   0   2   11  1.000                       
       Total                  162 162 1440.7  121  287  10  35  418   .976                       
                                                                                                 
ss     Mark Grudzielanek      146 144 1284.7  197  457  28  98  682   .959                       
       Wilson Delgado          18  17  147.0   27   62   3  10   92   .967                       
       Alex Arias               1   1    9.0    1    2   0   0    3  1.000                       
       Total                  165 162 1440.7  225  521  31 108  777   .960                       
                                                                                                 
lf     Matt Lawton             67  67  578.7  148   12   3   3  163   .982                       
       Rusty Greer             66  66  555.0  140   12   1   2  153   .993                       
       Todd Hollandsworth      51  19  208.3   52    3   1   0   56   .982                       
       Gary Sheffield          12  10   86.0   24    1   1   0   26   .962                       
       Jose Cruz                7   0   12.7    4    1   0   1    5  1.000                       
       Total                  203 162 1440.7  368   29   6   6  403   .985                       
                                                                                                 
cf     Matt Lawton             75  75  667.7  196   16   6   0  218   .972                       
       Jose Cruz               86  86  718.7  191   11   2   3  204   .990                       
       Todd Hollandsworth      21   1   42.3   14    2   0   1   16  1.000                       
       Rusty Greer              5   0   12.0    5    0   0   0    5  1.000                       
       Total                  187 162 1440.7  406   29   8   4  443   .982                       
                                                                                                 
rf     David Justice          145 145 1293.7  324   19   4   3  347   .988                       
       Matt Lawton             14  14  120.0   27    0   1   0   28   .964                       
       Todd Hollandsworth       3   3   27.0    6    0   0   0    6  1.000                       
       Total                  162 162 1440.7  357   19   5   3  381   .987                       
                                                                                                 
       Total                  162 162 1440.7 4322 1686  99 164 6107   .984  20                   

 