2002 Two-Fisted Slobbers

Batting

S Name               P    AVG   OBP   SPC    G   AB    H  2B  3B  HR    R  RBI   BB    K HBP  IW  SB  CS 
f Wells              cf  .412  .449  .587   28   80   33   6   1   2   18    9    6   11   1   0  10   3 
  Hollandsworth*     lf  .358  .376  .567   34  120   43  19   0   2   20   13    4   19   0   1   2   1 
f Pickering*         1b  .333  .333 1.333    1    3    1   0   0   1    1    1    0    1   0   0   0   0 
  Sheffield          lf  .304  .400  .539  133  510  155  34   1  28   92   97   78   63   6   8   0   1 
  Cirillo            3b  .297  .343  .408  135  546  162  31   0  10   71   67   29   52  13   0  15   2 
  Vina*              2b  .285  .337  .381  149  656  187  39   3   6   87   61   25   31  27   1  17   6 
  Lawton*            rf  .283  .371  .396  139  513  145  23   1  11   79   65   64   80   9   2  29   7 
  Justice*           dh  .277  .365  .493   96  339   94  16   0  19   56   56   46   61   2   1   1   1 
  Marrero            c   .272  .295  .507   69  217   59  11   2  12   40   31    8   27   0   0   2   3 
  Johnson            c   .268  .333  .456  109  373  100  25   0  15   52   61   33  121   6   0   1   0 
  Greer*             lf  .266  .371  .405   51  158   42  16   0   2   21   19   26   21   1   2   0   0 
  Cruz#              cf  .265  .318  .528  141  562  149  33   5  35   96   94   43  139   2   2  23   0 
  Helms              1b  .250  .318  .400    5   20    5   0   0   1    1    4    2    4   0   0   0   0 
  Richard*           rf  .249  .359  .462   56  173   43   9   2   8   24   37   26   42   5   1   5   2 
  Rolls              2b  .244  .265  .344   36  131   32   5   1   2   15   12    3   25   1   0   5   1 
f Uribe              ss  .239  .272  .389   53  226   54   8   7   4   27   23    7   45   4   0   3   0 
  Grudzielanek       2b  .234  .275  .335  131  495  116  24   4   6   59   52   23   75   7   1   2   2 
  Stevens*           1b  .200  .267  .374  129  465   93  21   0  20   52   75   42  125   2   0   0   0 
  McGwire            1b  .136  .230  .345   34  110   15   2   0   7   10   18   14   46   0   0   0   0 
  Pitchers               .000  .000  .000  162    0    0   0   0   0    0    0    0    0   0   0   0   0 
  Total                  .268  .332  .435  162 5697 1528 322  27 191  821  795  479  988  86  19 115  29 



 

Pitching

S Name               P     ERA   W   L   S   G  GS  CG SHO     INN    H    R   ER   BB    K  HR GDP    BF 
  Kohlmeier          mr   0.00   0   0   0   1   0   0   0     1.0    1    0    0    0    1   0   0     4 
f Gordon             cl   1.88   4   1  21  34   0   0   0    48.0   32   10   10   13   44   3   2   187 
  Vazquez            sp   2.76  21   7   0  32  32   6   0   245.0  201   78   75   45  212  25  22   965 
f Lincoln            mr   2.87   5   0   3  17   0   0   0    31.1   26   10   10   12   14   1   7   130 
  Paniagua           mr   3.23   4   1   4  39   0   0   0    55.2   44   20   20   36   39   7   3   242 
  Manzanillo         mr   3.26   4   1   3  49   0   0   0    77.1   61   28   28   33   71   6   6   322 
  Sele               sp   4.12  11  13   0  33  33   4   0   238.0  234  119  109   46  111  32  11   984 
  Santos             mr   4.13   0   1   1  27   0   0   0    52.1   48   24   24   25   36   6   4   226 
  Burba              sp   4.21   1   0   2  20   0   0   0    57.2   70   30   27   17   43   4   3   260 
  Bere               sp   4.41  16  11   0  31  31   1   1   194.0  210  106   95   75  165  29  12   854 
  Stechschulte       mr   5.27   3   3   0  25   0   0   0    41.0   38   24   24   26   24   8  10   177 
  Rocker*            cl   5.67   3   6  12  29   0   0   0    33.1   35   23   21   19   42   4   0   153 
  Carpenter          sp   5.81   9  14   0  33  33   3   0   190.2  238  135  123   54  147  36  15   857 
  Pavano             sp   5.87   0   0   0   2   1   0   0     7.2   10    5    5    4    3   2   0    36 
  Ponson             sp   6.19   5   9   0  22  22   0   0   120.2  167   97   83   35   72  16  14   554 
  Figueroa           sp   6.21   2   1   0   8   3   0   0    29.0   37   21   20    9   13   4   4   130 
  Jones              sp   6.49   3   2   0   6   6   0   0    34.2   50   26   25   11   18   7   3   158 
f Hernandez,A        sp  18.00   0   1   0   1   1   0   0     5.0    7   10   10    3    3   3   0    27 
  Total                   4.36  91  71  46 162 162  14   5  1462.1 1509  766  709  463 1058 193 116  6266 

 

Fielding

Pos  S Name                     G  GS    INN   PO    A   E  DP   TC    PCT  PB  SB  CS   SB%  PK 
p      Javier Vazquez          32  32  245.0   13   19   0   3   32  1.000       9   7  .563   3 
       Aaron Sele              33  33  238.0   10   14   3   1   27   .889       3   8  .273   2 
       Jason Bere              31  31  194.0   15    8   2   0   25   .920      17   5  .773   0 
       Sidney Ponson           22  22  120.7   11   12   0   1   23  1.000       8   3  .727   3 
       Chris Carpenter         33  33  190.7    6   14   0   0   20  1.000       8   8  .500   1 
       Gene Stechschulte       25   0   41.0    3    6   0   0    9  1.000       5   1  .833   0 
       Dave Burba              20   0   57.7    2    6   0   0    8  1.000       2   1  .667   0 
     f Flash Gordon            34   0   48.0    2    5   0   0    7  1.000       3   2  .600   0 
       Victor Santos           27   0   52.3    4    3   0   0    7  1.000       1   1  .500   0 
       John Rocker             29   0   33.3    3    3   0   0    6  1.000       4   2  .667   1 
       Nelson Figueroa          8   3   29.0    1    4   0   0    5  1.000       4   1  .800   0 
       Josias Manzanillo       49   0   77.3    2    2   1   0    5   .800       5   1  .833   0 
       Jose Paniagua           39   0   55.7    1    3   1   1    5   .800       6   2  .750   0 
       Bobby Jones              6   6   34.7    2    2   0   0    4  1.000       3   1  .750   0 
     f Mike Lincoln            17   0   31.3    1    3   0   0    4  1.000       0   0  .000   0 
     f Adrian Hernandez         1   1    5.0    1    1   0   0    2  1.000       1   0 1.000   0 
       Carl Pavano              2   1    7.7    1    0   0   0    1  1.000       0   0  .000   0 
       Ryan Kohlmeier           1   0    1.0    0    0   0   0    0   .000       0   0  .000   0 
       Total                  409 162 1462.3   78  105   7   6  190   .963      79  43  .648  10 
                                                                                                 
c      Charles Johnson        108 107  954.3  752   36   3   2  791   .996   6  57  26  .687   0 
       Eli Marrero             59  55  508.0  385   26   5   2  416   .988   0  22  17  .564   0 
       Total                  167 162 1462.3 1137   62   8   4 1207   .993   6  79  43  .648   0 
                                                                                                 
1b     Lee Stevens            126 124 1097.7  981   71  13  95 1065   .988                       
       Chris Richard           32  30  283.7  252   11   0  20  263  1.000                       
       Mark McGwire             9   8   70.0   68    4   0   3   72  1.000                       
       Eli Marrero              4   0   11.0    8    1   0   0    9  1.000                       
       Total                  171 162 1462.3 1309   87  13 118 1409   .991                       
                                                                                                 
2b     Fernando Vina          149 149 1347.3  297  448   6  97  751   .992                       
       Damian Rolls             8   8   72.0   21   19   0   5   40  1.000                       
       Mark Grudzielanek        5   5   43.0    8   11   0   3   19  1.000                       
       Total                  162 162 1462.3  326  478   6 105  810   .993                       
                                                                                                 
3b     Jeff Cirillo           135 133 1199.0  109  236   5  25  350   .986                       
       Damian Rolls            25  24  220.3   22   38   4   5   64   .938                       
       Wes Helms                5   5   43.0    4    8   1   0   13   .923                       
       Total                  165 162 1462.3  135  282  10  30  427   .977                       
                                                                                                 
ss     Mark Grudzielanek      110 110  998.3  142  346  17  49  505   .966                       
     f Juan Uribe              53  52  463.0   60  152   4  28  216   .981                       
       Eli Marrero              1   0    1.0    0    1   0   0    1  1.000                       
       Total                  164 162 1462.3  202  499  21  77  722   .971                       
                                                                                                 
lf     Gary Sheffield         100 100  906.3  246   11   5   2  262   .981                       
       Rusty Greer             33  33  290.3   84    1   5   0   90   .944                       
       Matt Lawton             21  21  186.7   41    5   1   0   47   .979                       
       Todd Hollandsworth       6   6   51.0   16    1   0   0   17  1.000                       
       Eli Marrero              4   0    9.0    3    1   0   0    4  1.000                       
       Jose Cruz                2   2   18.0    3    0   0   0    3  1.000                       
       Damian Rolls             1   0    1.0    0    0   0   0    0   .000                       
       Total                  167 162 1462.3  393   19  11   2  423   .974                       
                                                                                                 
cf     Jose Cruz              139 138 1241.0  395   18   0   1  413  1.000                       
       Todd Hollandsworth      12  12  112.3   35    3   0   0   38  1.000                       
     f Vernon Wells             6   5   49.0   23    0   3   0   26   .885                       
       Matt Lawton              7   7   60.0   16    0   2   0   18   .889                       
       Total                  164 162 1462.3  469   21   5   1  495   .990                       
                                                                                                 
rf     Matt Lawton            108 107  958.0  228   14   3   2  245   .988                       
       Gary Sheffield          33  33  294.7   68    2   0   1   70  1.000                       
     f Vernon Wells            13  11  106.7   23    2   1   1   26   .962                       
       Chris Richard            8   7   63.0   10    0   0   0   10  1.000                       
       Todd Hollandsworth       2   2   21.0    5    0   0   0    5  1.000                       
       David Justice            2   2   18.0    4    0   0   0    4  1.000                       
       Eli Marrero              2   0    1.0    0    0   0   0    0   .000                       
       Total                  168 162 1462.3  338   18   4   4  360   .989                       
                                                                                                 
       Total                  162 162 1462.3 4387 1571  85 127 6043   .986   6                   
                  
