2003 Two-Fisted Slobbers

Batting

S Name               P    AVG   OBP   SPC    G   AB    H  2B  3B  HR    R  RBI   BB    K HBP  IW  SB  CS 
  Greer*             lf  .325  .406  .349   35  126   41   3   0   0   15   10   17    6   0   1   0   0 
  Magee              cf  .308  .316  .416   44  185   57  11   0   3   24   17    2   31   0   0   1   0 
  Justice*           lf  .288  .370  .418   50  184   53   9   0   5   22   29   22   32   3   0   1   0 
  Matthews#          rf  .279  .358  .409   81  298   83  28   1   3   38   30   38   54   0   0  15   3 
f Cruz#              lf  .259  .331  .438  121  464  120  20   3  19   67   61   53  105   0   2   6   1 
  Hollandsworth*     lf  .254  .329  .369   99  366   93  21   0   7   36   47   43   64   0   0   1   3 
  Grudzielanek       2b  .254  .283  .335   65  260   66  15   0   2   30   17   11   38   0   0   0   0 
  Marrero            rf  .251  .307  .423   97  343   86  14   0  15   52   43   26   65   3   0  11   0 
  Johnson            c   .244  .337  .395   26   86   21   7   0   2   10   11   13   19   0   0   0   0 
  Wells              cf  .242  .274  .387  158  641  155  30   3  19   69   79   30  106   1   0   7   3 
  Vina*              2b  .237  .310  .293  145  590  140  31   1   0   64   30   42   44  22   1   4   4 
  Uribe              ss  .237  .267  .326  134  503  119  28   4   3   35   33   19  104   3   2   4   0 
  Rolls              rf  .222  .222  .500    5   18    4   2   0   1    2    2    0    3   0   0   0   1 
  Lawton*            rf  .220  .314  .348   78  264   58  13   0   7   33   32   34   22   5   0   2   0 
  Cirillo            3b  .199  .253  .272  135  493   98  15   0   7   42   44   28   86   9   3   3   1 
  Flaherty           c   .195  .243  .272   50  169   33   7   0   2   11   15   11   37   0   0   0   0 
f Helms              1b  .195  .250  .310   55  200   39   8   0   5   16   22   14   50   1   0   0   0 
  Stevens*           1b  .174  .293  .323   92  316   55   8   0  13   31   31   52   87   1   1   0   0 
  Richard*           dh  .160  .276  .160    8   25    4   0   0   0    1    3    4    4   0   0   0   0 
  Pitchers               .000  .000  .000  162    0    0   0   0   0    0    0    0    0   0   0   0   0 
  Total                  .240  .301  .354  162 5531 1325 270  12 113  598  556  459  957  48  10  55  16 



 

Pitching

S Name               P     ERA   W   L   S   G  GS  CG SHO     INN    H    R   ER   BB    K  HR GDP    BF 
  Silva              mr   2.79   3   1   2  44   0   0   0    71.0   64   23   22   13   38   3  14   278 
  Guardado*          cl   3.33   4   5  14  40   0   0   0    51.1   44   26   19   21   62   7   5   214 
  Kim                mr   4.44   0   0   0  11   0   0   0    24.1   24   12   12    6   15   5   0   101 
  Vazquez            sp   4.48   9  17   0  34  34  13   0   239.0  254  130  119   52  167  40  20  1017 
  Sheets             sp   4.60  11  19   0  34  34   6   1   231.0  261  125  118   78  168  31  20  1015 
  Lackey             sp   4.94   5   9   0  18  18   2   0   118.1  138   69   65   35   76  15  16   511 
f Lincoln            mr   5.00   2   7   1  43   0   0   0    63.0   81   36   35   24   44   7  10   280 
  Ponson             sp   5.31   8  16   0  28  28   1   0   179.2  203  116  106   73  112  33  22   800 
  Sele               sp   5.84   3  15   0  26  26   3   0   166.1  232  116  108   52   96  22  15   764 
  Carpenter          sp   5.86   0   2   0  32   0   0   0    50.2   66   36   33   27   30   7   9   232 
  Van Hekken*        sp   6.00   0   0   0   2   0   0   0     3.0    6    2    2    3    0   1   0    17 
  Gordon             mr   6.39   2   4   5  38   0   0   0    38.0   49   33   27   17   42   8   1   181 
f Paniagua           mr   6.60   0   1   0  25   0   0   0    43.2   60   34   32   17   38  13   1   211 
f Almanzar           mr   6.75   0   0   1   2   0   0   0     2.2    4    2    2    1    3   1   0    13 
  Bere               sp   6.93   0   0   0  23   0   0   0    37.2   54   31   29   19   31   7   3   188 
  Pavano             sp   7.81   3  15   0  22  22   0   0   103.2  153  102   90   41   67  25  11   503 
  Stechschulte       mr  12.34   0   1   0  10   0   0   0    11.2   17   17   16   12   10   5   2    64 
  Total                   5.24  50 112  23 162 162  25   5  1435.0 1710  910  835  491  999 230 149  6389 

 

Fielding

Pos  S Name                     G  GS    INN   PO    A   E  DP   TC    PCT  PB  SB  CS   SB%  PK 
p      Ben Sheets              34  34  231.0   13   22   1   1   36   .972      18   2  .900   1 
       Sidney Ponson           28  28  179.7   12   17   0   5   29  1.000       8   4  .667   1 
       Javier Vazquez          34  34  239.0   14   14   1   1   29   .966      20   5  .800   1 
       Carlos Silva            44   0   71.0    3   17   0   3   20  1.000       5   0 1.000   0 
       John Lackey             18  18  118.3    6   11   0   1   17  1.000      17   3  .850   1 
       Aaron Sele              26  26  166.3    9    8   0   0   17  1.000      14   6  .700   0 
       Carl Pavano             22  22  103.7    7    7   2   1   16   .875      15   5  .750   0 
     f Mike Lincoln            43   0   63.0    3    9   0   0   12  1.000       2   0 1.000   1 
       Chris Carpenter         32   0   50.7    2    6   0   1    8  1.000       0   0  .000   0 
     f Jose Paniagua           25   0   43.7    3    2   0   0    5  1.000       2   0 1.000   0 
       Flash Gordon            38   0   38.0    3    2   0   0    5  1.000       2   0 1.000   0 
       Sun-Woo Kim             11   0   24.3    1    4   0   0    5  1.000       0   1  .000   0 
       Jason Bere              23   0   37.7    0    4   0   1    4  1.000       4   0 1.000   0 
       Eddie Guardado          40   0   51.3    1    1   0   0    2  1.000       2   3  .400   0 
       Gene Stechschulte       10   0   11.7    0    2   0   1    2  1.000       0   0  .000   0 
     f Carlos Almanzar          2   0    2.7    0    0   0   0    0   .000       1   0 1.000   0 
       Andy Van Hekken          2   0    3.0    0    0   0   0    0   .000       0   0  .000   0 
       Total                  432 162 1435.0   77  126   4  15  207   .981     110  29  .791   5 
                                                                                                 
c      Eli Marrero             90  90  799.3  586   33  15   3  634   .976   6  60  19  .759   1 
       John Flaherty           49  48  429.7  327   19   4   2  350   .989   3  38   9  .809   0 
       Charles Johnson         25  24  206.0  151    8   2   0  161   .988   3  12   1  .923   1 
       Total                  164 162 1435.0 1064   60  21   5 1145   .982  12 110  29  .791   2 
                                                                                                 
1b     Lee Stevens             92  92  817.0  767   49   6  83  822   .993                       
       Rusty Greer             33  32  283.0  245   21   1  31  267   .996                       
     f Wes Helms               28  28  246.0  226   14   2  28  242   .992                       
       Chris Richard            8   8   71.0   64    4   0   8   68  1.000                       
       Eli Marrero              3   2   18.0   20    0   0   1   20  1.000                       
       Total                  164 162 1435.0 1322   88   9 151 1419   .994                       
                                                                                                 
2b     Fernando Vina          145 145 1279.0  293  468  19 115  780   .976                       
       Mark Grudzielanek       17  17  156.0   22   50   2   9   74   .973                       
       Total                  162 162 1435.0  315  518  21 124  854   .975                       
                                                                                                 
3b     Jeff Cirillo           135 135 1190.7   90  221  12  33  323   .963                       
     f Wes Helms               27  27  242.3   23   44   5   6   72   .931                       
       Mark Grudzielanek        1   0    2.0    0    0   0   0    0   .000                       
       Total                  163 162 1435.0  113  265  17  39  395   .957                       
                                                                                                 
ss     Juan Uribe             134 134 1185.7  185  442  27  84  654   .959                       
       Mark Grudzielanek       29  28  249.3   45   87   2  19  134   .985                       
       Total                  163 162 1435.0  230  529  29 103  788   .963                       
                                                                                                 
lf   f Jose Cruz               93  93  819.0  216   16   3   2  235   .987                       
       David Justice           17  17  145.0   34    3   1   0   38   .974                       
       Wendell Magee           11  11  105.0   32    3   1   1   36   .972                       
       Todd Hollandsworth      13  13  120.0   29    2   0   0   31  1.000                       
       Gary Matthews            9   9   77.0   28    1   1   0   30   .967                       
       Matt Lawton             16  16  141.0   28    1   0   0   29  1.000                       
       Damian Rolls             2   2   18.0    4    0   0   0    4  1.000                       
       Eli Marrero              1   1    9.0    1    0   0   0    1  1.000                       
       Rusty Greer              1   0    1.0    0    0   0   0    0   .000                       
       Total                  163 162 1435.0  372   26   6   3  404   .985                       
                                                                                                 
cf     Vernon Wells           158 158 1391.0  421   23   2   0  446   .996                       
       Wendell Magee            3   3   29.0   13    1   0   0   14  1.000                       
     f Jose Cruz                1   1    9.0    3    0   0   0    3  1.000                       
       Gary Matthews            1   0    6.0    2    1   0   0    3  1.000                       
       Total                  163 162 1435.0  439   25   2   0  466   .996                       
                                                                                                 
rf     Gary Matthews           72  72  630.7  146   16  14   1  176   .920                       
       Matt Lawton             61  60  527.3  156    7   8   2  171   .953                       
     f Jose Cruz               27  27  246.0   63    3   1   0   67   .985                       
       Eli Marrero              2   1   10.0    4    0   0   0    4  1.000                       
       Damian Rolls             2   1   12.0    4    0   0   0    4  1.000                       
       Wendell Magee            1   1    9.0    0    0   0   0    0   .000                       
       Total                  165 162 1435.0  373   26  23   3  422   .945                       
                                                                                                 
       Total                  162 162 1435.0 4305 1663 132 159 6100   .978  12                   