2004 Two-Fisted Slobbers

Batting



Name                 P    AVG   OBP   SPC    G   AB    H  2B  3B  HR    R  RBI   BB    K HBP  IW  SB  CS 
Grudzielanek, M      2b  .313  .370  .412  122  476  149  37   2   2   59   28   26   69  17   1   6   4 
Ordonez, R           ss  .306  .318  .412   25   85   26   4   1   1   12    6    2   12   0   0   0   0 
Wells, V             cf  .305  .352  .592  162  666  203  41   6  46  114  121   40   90  10   3   2   3 
Vina, F*             2b  .292  .344  .457   64  243   71  17   4   5   37   23   11   25   8   1   1   1 
Cabrera, M           lf  .286  .346  .518   83  301   86  20   1  16   43   46   26   76   3   1   0   0 
Matthews, G#         cf  .283  .326  .390   85  254   72  22   1   1   25   21   16   46   0   0   5   2 
Baldelli, R          cf  .272  .304  .415  162  687  187  32   6  18   75   85   23  147   9   0  14  14 
Rolls, D             3b  .269  .309  .421   85  271   73   8   0  11   36   40    9   69   7   0   1   3 
Conine, J            1b  .268  .315  .407  123  482  129  29   1  12   62   48   29   74   6   0   5   1 
Lawton, M*           lf  .267  .357  .476   93  311   83  30   1  11   43   46   42   39   3   1  10   2 
Cirillo, J           3b  .263  .315  .354   30   99   26   4   1   1   11   12    8    8   0   0   0   0 
Morneau, J*          dh  .261  .286  .457   13   46   12   3   0   2    6    6    2   10   0   0   0   0 
Helms, W             3b  .253  .305  .446  105  388   98  17   2  18   51   55   25  112   6   0   0   0 
Perez, E             c   .248  .292  .390   78  210   52  13   1   5   21   18    9   31   5   0   0   0 
Hollandsworth, T*    lf  .241  .278  .414   83  232   56  24   2   4   23   15   12   47   0   0   0   2 
Perez, T#            3b  .239  .263  .340   85  318   76  14   0   6   27   43   10   66   1   0   0   0 
Hall, B              ss  .235  .244  .541   51   85   20   9   1   5    8   14    1   15   0   0   0   0 
Uribe, J             ss  .191  .240  .350   60  183   35   8   0   7   26   23   10   37   2   0   2   0 
Flaherty, J          c   .167  .167  .500    7   24    4   2   0   2    5    4    0    0   0   0   0   0 
Johnson, C           c   .158  .249  .307  107  323   51   9   0  13   40   33   39   82   1   0   1   1 
Marrero, E           rf  .000  .000  .000    0    0    0   0   0   0    0    0    0    0   0   0   0   0 
Olmedo, R#           ss  .000  .000  .000    1    1    0   0   0   0    0    0    0    0   0   0   0   0 
Pitchers                 .000  .000  .000  162    0    0   0   0   0    0    0    0    0   0   0   0   0 
Total                    .265  .314  .434  162 5685 1509 343  30 186  724  687  340 1055  78   7  47  33

 

Pitching

 

Name                 P     ERA   W   L   S   G  GS  CG SHO     INN    H    R   ER   BB    K  HR GDP    BF 
Riske, D             mr   3.41   9   2   1  48   0   0   0    71.1   66   31   27   19   88  13   6   299 
Guardado, E*         cl   4.09   2  10  24  45   0   0   0    55.0   58   28   25   17   45   7   1   241 
Lima, J              sp   4.11   0   2   0  22   0   0   0    35.0   39   17   16    8   19   4   4   145 
Vazquez, J           sp   4.16  16  12   0  34  34   3   2   236.0  223  119  109   61  210  42  17   986 
Ayala, L             mr   4.29   3   4   1  48   0   0   0    65.0   79   34   31   24   37   7  13   290 
Anderson, J          mr   4.66   0   1   0   7   0   0   0     9.2   10    5    5    1    5   3   1    38 
Silva, C             mr   4.82   0   2   1  35   0   0   0    74.2   83   43   40   31   25   8  13   328 
Ramirez, H*          sp   5.11   7  13   0  29  29   3   0   174.1  224  113   99   68   90  18  30   795 
Pavano, C            sp   5.11   8  13   0  32  32   1   0   195.1  247  121  111   51  126  17  13   868 
Sheets, B            sp   5.22   6  22   0  34  34   6   1   232.2  281  146  135   46  155  36   6  1017 
Bell, R              sp   6.34   1   2   0  57   0   0   0    88.0  109   72   62   27   31  21   4   404 
Lackey, J            sp   6.80   7  19   0  33  33   0   0   186.2  257  154  141   61  141  43   6   864 
Sele, A              sp  10.71   1   0   0  13   0   0   0    19.1   31   23   23   13   11   5   2   100 
Total                     5.14  60 102  27 162 162  13   5  1443.0 1707  906  824  427  983 224 116  6375 



Fielding

   

Pos  Name                   G  GS    INN   PO    A   E  DP   TC    PCT  PB  SB  CS   SB%  PK 
p    Pavano, C             32  32  195.3   11   26   0   2   37  1.000      34  12  .739   4 
     Sheets, B             34  34  232.7   13   20   1   1   34   .971      20   8  .714   2 
     Ramirez, H*           29  29  174.3    5   23   3   5   31   .903       6   1  .857   1 
     Vazquez, J            34  34  236.0   10   16   0   0   26  1.000      17   5  .773   1 
     Lackey, J             33  33  186.7    7   11   1   1   19   .947      32  10  .762   3 
     Bell, R               57   0   88.0    5   12   0   1   17  1.000       6   1  .857   0 
     Silva, C              35   0   74.7    5   12   0   2   17  1.000       2   1  .667   0 
     Guardado, E           45   0   55.0    2    6   1   1    9   .889       2   3  .400   0 
     Ayala, L              48   0   65.0    4    5   0   3    9  1.000       6   2  .750   1 
     Riske, D              48   0   71.3    1    7   0   0    8  1.000       4   1  .800   0 
     Lima, J               22   0   35.0    2    5   0   1    7  1.000       3   2  .600   0 
     Sele, A               13   0   19.3    0    3   0   0    3  1.000       0   0  .000   0 
     Anderson, J*           7   0    9.7    0    1   0   0    1  1.000       0   0  .000   1 
     Total                437 162 1443.0   65  147   6  17  218   .972     132  46  .742  13 
                                                                                             
c    Johnson, C           107  98  894.7  673   33   8   2  714   .989   6  52  28  .650   1 
     Perez, E              65  58  495.7  347   27   7   0  381   .982   4  74  18  .804   1 
     Flaherty, J            6   6   52.7   35    2   1   0   38   .974   0   6   0 1.000   0 
     Total                178 162 1443.0 1055   62  16   2 1133   .986  10 132  46  .742   2 
                                                                                             
1b   Conine, J            121 120 1074.7  966   64   8  95 1038   .992                       
     Cirillo, J            30  30  260.3  233   18   2  18  253   .992                       
     Morneau, J*           12  12  105.0   89    4   1   3   94   .989                       
     Helms, W               1   0    3.0    5    0   0   1    5  1.000                       
     Total                164 162 1443.0 1293   86  11 117 1390   .992                       
                                                                                             
2b   Grudzielanek, M      121 111 1013.0  211  341  11  68  563   .980                       
     Vina, F*              51  51  417.0   99  134  11  31  244   .955                       
     Rolls, D               1   0    6.0    0    3   0   1    3  1.000                       
     Hall, B                4   0    7.0    1    0   0   0    1  1.000                       
     Total                177 162 1443.0  311  478  22 100  811   .973                       
                                                                                             
3b   Helms, W              85  85  765.7   81  132  17  17  230   .926                       
     Rolls, D              68  68  577.3   54  115   4  10  173   .977                       
     Perez, T#              9   9   76.7    8   22   2   1   32   .938                       
     Hall, B               11   0   22.3    0    6   0   2    6  1.000                       
     Conine, J              1   0    1.0    0    0   0   0    0   .000                       
     Total                174 162 1443.0  143  275  23  30  441   .948                       
                                                                                             
ss   Perez, T#             73  72  646.3  118  215   9  44  342   .974                       
     Uribe, J              55  53  461.3   81  153   7  25  241   .971                       
     Ordonez, R            24  23  201.7   27   65   3   7   95   .968                       
     Hall, B               21  14  133.7   17   37   2   3   56   .964                       
     Total                173 162 1443.0  243  470  21  79  734   .971                       
                                                                                             
lf   Baldelli, R          131 131 1161.0  314   26   3   1  343   .991                       
     Matthews, G#          23  19  171.0   56    2   0   0   58  1.000                       
     Hollandsworth, T*     14  12  109.0   26    2   0   0   28  1.000                       
     Lawton, M*             1   0    2.0    0    1   0   0    1  1.000                       
     Total                169 162 1443.0  396   31   3   1  430   .993                       
                                                                                             
cf   Wells, V             162 162 1443.0  478   24   9   2  511   .982                       
     Total                162 162 1443.0  478   24   9   2  511   .982                       
                                                                                             
rf   Lawton, M*            89  87  763.7  183    9   2   2  194   .990                       
     Matthews, G#          51  44  392.3   98    5   0   0  103  1.000                       
     Baldelli, R           31  31  273.0   61    7   1   1   69   .986                       
     Rolls, D               4   0    8.0    2    1   0   0    3  1.000                       
     Hollandsworth, T*      5   0    6.0    1    1   0   0    2  1.000                       
     Total                180 162 1443.0  345   23   3   3  371   .992                       
                                                                                             
     Total                162 162 1443.0 4329 1596 114 129 6039   .981  10                   


  