                              Team batting - 2005 Two Fisted Slobbers                               
                                           Regular season                                           

Name                 P    AVG   OBP   SPC    G   AB    H  2B  3B  HR    R  RBI   BB    K HBP  IW  SB  CS 
Upton, B             ss  .408  .446  .573   37  103   42  12   1   1   17   16    7   26   1   0   1   1 
Marrero, E           lf  .362  .413  .552   65  210   76  13   0   9   38   33   19   40   0   6   6   0 
Helms, W             3b  .341  .402  .529   28   85   29  10   0   2   15   15    9   12   1   0   0   0 
Grudzielanek, M      2b  .314  .351  .405   75  264   83   7   1   5   30   35   12   30   4   0   0   0 
Baldelli, R          cf  .304  .339  .412  123  507  154  26   1   9   74   43   18  109  10   0  11   4 
Conine, J            lf  .298  .353  .469  110  392  117  28   0  13   56   67   33   60   3   0   1   0 
Lawton, M*           lf  .298  .374  .462  115  433  129  15   1  18   83   51   49   70   6   4  11   6 
Hollandsworth, T*    rf  .298  .375  .404   24   47   14   2   0   1    7   12    7   13   0   0   1   1 
Wells, V             cf  .296  .345  .481  136  540  160  41   1  19   87   81   41   88   1   1  13   1 
Uribe, J             2b  .292  .336  .480  137  527  154  47   2  16   79   85   34  105   3   0  11   7 
Flaherty, J          c   .286  .301  .565   42  147   42  14   0   9   20   31    1   23   3   0   0   0 
Wright, D            3b  .283  .307  .604   66  240   68  11   0  22   39   66    6   33   4   0   1   0 
Matthews, G#         rf  .262  .344  .451   77  286   75  21   0  11   49   52   37   64   0   1   7   2 
Hairston, S          2b  .258  .283  .400   33  120   31   5   0   4   18   13    5   21   0   0   0   0 
Cabrera, M           rf  .257  .319  .454  139  544  140  25   2  26   82   76   48  170   4   5   3   0 
Cabrera, O           ss  .256  .287  .401  138  543  139  33   5  12   67   47   22   58   3   0  11   5 
Closser, J#          c   .254  .291  .280   35  118   30   3   0   0   11   12    6   26   1   0   0   0 
Morneau, J*          1b  .250  .315  .539   66  232   58   8   1  19   40   40   22   39   2   2   1   1 
Johnson, C           c   .221  .320  .505   74  222   49  12   0  17   32   37   31   66   2   0   0   0 
Blanco, H            c   .219  .321  .452   25   73   16   5   0   4    9   14   11   18   0   0   0   2 
Hall, B              2b  .186  .239  .248   42  145   27   6   0   1    9   13   10   50   0   0   1   0 
Pitchers                 .000  .000  .000  162    0    0   0   0   0    0    0    0    0   0   0   0   0 
Total                    .283  .334  .461  162 5778 1633 344  15 218  862  839  428 1121  48  19  79  30 


                      Team pitching - 2005 Two Fisted Slobbers                              
                                           Regular season                                           

Name                 P     ERA   W   L   S   G  GS  CG SHO     INN    H    R   ER   BB    K  HR GDP    BF 
Liriano, P           mr   2.25   0   0   1   1   0   0   0     4.0    5    1    1    0    2   0   0    17 
Cerda, J*            mr   2.38   4   0   2  30   0   0   0    41.2   27   11   11   19   23   1   5   164 
Guardado, E*         cl   2.47   4   2  17  35   0   0   0    40.0   29   12   11   15   36   6   2   160 
Ramirez, H*          sp   2.88   3   1   0   8   8   1   1    50.0   27   18   16   31   21   6   5   207 
Ayala, L             mr   3.04   3   2   6  59   0   0   0    83.0   87   32   28    7   56   9  13   339 
Howry, B             mr   3.30   4   3   1  29   0   0   0    43.2   44   18   16   13   43   2   2   192 
Brazoban, Y          mr   4.33   4   4   1  21   0   0   0    27.0   23   16   13   20   22   4   1   125 
Vazquez, J           sp   4.35   9  12   0  31  31   2   0   211.0  214  124  102   53  153  32   8   903 
Sheets, B            sp   4.65  14  14   0  33  33   8   1   226.1  250  126  117   39  262  26   9   969 
Silva, C             sp   5.01  12  14   0  32  32   4   1   204.2  270  126  114   40   68  29  27   892 
Lima, J              sp   5.03   6   4   0  24  23   1   0   143.0  166   85   80   26   76  24  15   608 
Rauch, J             mr   5.06   0   1   0   2   2   1   0    10.2   12    8    6    6    4   2   0    51 
Riske, D             mr   5.21   8   6   2  40   0   0   0    57.0   58   34   33   22   52  19   8   246 
Ledezma, W*          sp   6.10   0   1   0   7   0   0   0    20.2   31   17   14    5    8   3   4    94 
Sele, A              sp   6.48   1   2   0  37   0   0   0    84.2  130   80   61   31   36  16   9   418 
Lackey, J            sp   6.97   6  16   0  32  32   0   0   161.1  228  138  125   51  122  29   9   755 
Bell, R              sp   7.23   2   0   0  17   1   0   0    42.1   62   34   34   17   13  12   6   199 
Total                     4.85  80  82  30 162 162  17   4  1451.0 1663  880  782  395  997 220 123  6339 