
                              Team batting - 2006 Two Fisted Slobbers                               
                                           Regular season                                           

Name                 P    AVG   OBP   SPC    G   AB    H  2B  3B  HR    R  RBI   BB    K HBP  IW  SB  CS 
Rivera, R            c   .348  .400  .391    8   23    8   1   0   0    2    1    1    8   1   1   0   0 
Conine, J            lf  .328  .392  .438  103  320  105  24   1   3   43   33   33   44   2   0   2   1 
Cabrera, M           lf  .295  .347  .471  155  599  177  34   1  23   85   95   49  138   1   2   1   2 
Hollandsworth, T*    lf  .295  .396  .432   16   44   13   3   0   1    7    8    8    4   0   0   0   1 
Wright, D            3b  .293  .346  .505  147  590  173  38   0  29   91   91   44  115   6   3   5   4 
Grudzielanek, M      2b  .282  .307  .391  137  550  155  25   4   9   65   55   15   89   6   0   7   7 
Cabrera, O           ss  .279  .309  .420  117  448  125  24   3  11   60   47   17   52   3   1  12   4 
Uribe, J             ss  .276  .318  .389   63  203   56   8   0   5   27   18   13   32   0   0   1   1 
Wells, V             cf  .273  .314  .481  142  501  137  31   2  23   66   69   31   67   2   3  10   2 
Helms, W             3b  .270  .337  .432   57  148   40  15   0   3   16   23   15   29   1   1   0   1 
Miller, D            c   .270  .342  .376  105  348   94  22   0   5   32   40   30   74   9   1   1   0 
Hall, B              ss  .252  .288  .405  115  405  102  28   2  10   47   44   22   86   0   1   7   4 
Barajas, R           c   .244  .282  .431   45  160   39   3   0   9   15   22    7   28   2   0   0   0 
Morneau, J*          1b  .231  .283  .464  120  459  106  23   6  24   56   65   29   92   5   2   1   0 
Lawton, M*           rf  .231  .320  .369  116  442  102  32   1   9   64   42   49   52  11   3   8   5 
Closser, J#          c   .224  .328  .328   24   58   13   1   1   1    6    2    7   10   2   0   0   0 
Matthews, G#         cf  .204  .265  .339  127  457   93  20   6  10   49   47   36  100   3   0   7   2 
Pitchers                 .000  .000  .000  162    0    0   0   0   0    0    0    0    0   0   0   0   0 
Total                    .267  .319  .426  162 5755 1538 332  27 175  731  702  406 1020  54  18  62  34 

                              Team pitching - 2006 Two Fisted Slobbers                              
                                           Regular season                                           

Name                 P     ERA   W   L   S   G  GS  CG SHO     INN    H    R   ER   BB    K  HR GDP    BF 
Ledezma, W*          sp   0.00   0   0   0   1   0   0   0     0.1    0    0    0    1    0   0   0     2 
Liriano, P           mr   0.00   0   0   0   1   0   0   0     0.1    2    0    0    1    0   0   0     4 
Howry, B             mr   2.00   3   1   3  47   0   0   0    76.2   68   19   17   15   57   8   2   316 
Riske, D             mr   3.01   3   3   2  41   0   0   0    68.2   57   26   23   15   55  12   7   272 
Cabrera, F           mr   3.47   2   2   1  15   0   0   0    23.1   18   10    9    7   19   1   2    95 
Guardado, E*         cl   3.95   2   7  28  52   0   0   0    54.2   62   26   24   21   43   7   3   244 
Lackey, J            sp   4.01  11  11   0  33  33   2   0   220.0  217  105   98   79  209  19  20   938 
Silva, C             sp   4.05  12  12   0  27  27   6   1   195.1  244   92   88    7   67  30  34   815 
Ayala, L             mr   4.31   5   3   1  28   0   0   0    48.0   51   26   23   11   24   6   3   211 
Sheets, B            sp   4.46   8   9   0  21  21   4   1   147.1  153   83   73   24  123  19   6   620 
Vazquez, J           sp   4.72  11  15   0  33  33   3   0   221.1  254  129  116   56  170  32  27   951 
Rauch, J             mr   5.01   2   0   0  12   0   0   0    23.1   25   15   13    7   18   5   3    98 
Ramirez, H*          sp   5.90   9  16   0  32  32   4   1   169.1  217  121  111   73   69  32  29   776 
Santana, E           sp   6.16   4   8   0  17  16   1   0   111.0  132   78   76   35   70  17  10   497 
Tejeda, R            sp   6.42   0   1   1  38   0   0   0    74.1   79   56   53   50   57   8  10   344 
Brazoban, Y          cl   6.57   1   1   0  22   0   0   0    38.1   46   28   28   15   23   9   7   172 
Resop, C             mr  54.00   0   0   0   1   0   0   0     0.1    1    2    2    1    0   0   0     2 
Rupe, J              mr  99.00   0   0   0   1   0   0   0     0.0    0    1    1    1    0   0   0     1 
Total                     4.61  73  89  36 162 162  20   5  1472.2 1626  817  755  419 1004 205 163  6358 x