                              Team batting - 2007 Two Fisted Slobbers                               
                                           Regular season                                           

Name                 P    AVG   OBP   SPC    G   AB    H  2B  3B  HR    R  RBI   BB    K HBP  IW  SB  CS 
Grudzielanek, M      2b  .320  .351  .454  143  560  179  36   3  11   85   83   25   86   5   0   0   2 
Matthews, G#         cf  .318  .388  .526  158  648  206  43  10  24  123   88   74  106   2   9   8   6 
Helms, W             1b  .313  .350  .653   70  147   46  10   8   8   26   36    8   26   2   1   1   0 
Wright, D            3b  .309  .360  .529  161  622  192  37   8  28  112   87   46  109   5   3  11   5 
Morneau, J*          1b  .308  .364  .518  161  629  194  29   2  33  107  125   52   93   7   4   0   0 
Miller, D            c   .304  .351  .525   72  181   55  31   0   3   22   27   13   38   0   0   0   0 
Cabrera, O           ss  .302  .352  .423  120  440  133  38   3   3   65   61   31   47   5   0  16   8 
Barajas, R           c   .299  .340  .474  120  348  104  26   1  11   45   53   18   64   5   0   0   0 
Wells, V             cf  .276  .335  .476  160  651  180  43   3  27  108  110   55  104   6   0  15   5 
Uggla, D             2b  .274  .315  .436   85  303   83  17   1  10   46   36   16   74   3   0   3   0 
Baldelli, R          cf  .269  .312  .467  105  379  102  21   6  14   66   57   11   72  14   0  15   4 
Hall, B              ss  .268  .313  .530  150  568  152  35   6  34   95  113   39  159   2   6   3   1 
Conine, J            lf  .232  .281  .377   85  284   66  17   0   8   41   38   18   38   3   2   2   1 
Closser, J#          c   .225  .373  .250   13   40    9   1   0   0    6    6   10    6   0   0   0   0 
Hairston, S          lf  .222  .222  .333    6    9    2   1   0   0    0    0    0    5   0   0   0   0 
Upton, B             3b  .217  .269  .217    9   23    5   0   0   0    1    5    2    7   0   0   0   0 
Arias, J             ss  .000  .000  .000    1    1    0   0   0   0    0    0    0    0   0   0   0   0 
Pitchers                 .000  .000  .000  162    0    0   0   0   0    0    0    0    0   0   0   0   0 
Total                    .293  .343  .486  162 5833 1708 385  51 214  948  925  418 1034  59  25  74  32 


                              Team pitching - 2007 Two Fisted Slobbers                              
                                           Regular season                                           

Name                 P     ERA   W   L   S   G  GS  CG SHO     INN    H    R   ER   BB    K  HR GDP    BF 
Littleton, W         mr   0.84   3   1   5  16   0   0   0    21.1   10    2    2    4    7   0   7    71 
Ledezma, W*          mr   2.75   1   0   0  20   0   0   0    52.1   48   19   16   19   40   9   5   222 
Rauch, J             mr   3.09   5   2   3  38   0   0   0    67.0   69   23   23   23   65   6   3   290 
Lugo, R              mr   3.21   7   2   1  47   0   0   0    81.1   60   29   29   41   41   7  12   335 
Howry, B             mr   3.46   7   6  15  56   0   0   0    78.0   70   33   30   28   75   9   5   324 
Lackey, J            sp   3.65  15   7   0  33  33   5   0   227.0  237  106   92   76  181  25  23   972 
Zambrano, C          sp   3.99  16   9   0  33  33   2   2   198.2  199  108   88  123  172  22  27   897 
Santana, E           sp   4.05  14   9   0  32  32   8   2   224.1  209  115  101   75  137  30  20   957 
Riske, D             mr   4.10   2   0   0  24   0   0   0    37.1   41   19   17   15   22   7   2   165 
Billingsley, C       sp   4.47   7   3   0  15  15   1   0    88.2   89   47   44   50   62  11  10   394 
Cabrera, F           mr   4.50   0   0   1  13   0   0   0    24.0   20   13   12    9   30   3   0   103 
Sheets, B            sp   5.13   4   9   0  17  17   3   0   107.0  139   67   61   17  110  14   5   477 
Vazquez, J           sp   5.92  13  11   0  32  32   6   1   206.2  235  138  136   66  189  33  19   913 
Wainwright, A        mr   7.22   3   4   9  29   0   0   0    38.2   62   32   31   23   38   8   4   201 
Resop, C             mr   9.00   0   0   0   1   0   0   0     2.0    5    2    2    0    3   0   0    10 
Guardado, E*         cl  10.80   0   1   2   9   0   0   0     5.0    9    6    6    4    3   3   0    27 
Sharpless, J         mr  99.00   0   1   0   1   0   0   0     0.0    1    3    2    1    0   0   0     3 
Total                     4.27  97  65  36 162 162  25   8  1459.1 1503  762  692  574 1175 187 142  6361 