                              Team batting - 2008 Arlington Armadillos                              
                                           Regular season                                           

Name                 P    AVG   OBP   SPC    G   AB    H  2B  3B  HR    R  RBI   BB    K HBP  IW  SB  CS 
Murphy, D*           cf  .350  .387  .547   59  117   41  17   3   0    9   14    5   26   2   1   2   0 
Upton, B             cf  .316  .393  .557  142  497  157  35   2  27   89   90   60  161   5   4  21  11 
Abreu, T#            3b  .305  .331  .414   60  128   39   9   1   1   19   22    5   16   1   0   0   0 
Morneau, J*          1b  .299  .363  .570  163  605  181  28   5  42  106  115   60  109   2   4   1   0 
Barajas, R           c   .288  .369  .432   65  125   36  12   0   2   14   14   15   30   1   0   0   0 
Wright, D            3b  .285  .373  .445  164  611  174  37   2  19   96   75   83  126   6   7  18   5 
Grudzielanek, M      2b  .279  .306  .382  120  476  133  33   2   4   62   38   17   86   3   1   2   0 
Cabrera, O           ss  .271  .321  .396  164  700  190  36   0  17   97   56   48   74   5   1  32   9 
Matthews, G#         cf  .266  .322  .461  133  482  128  27   2  21   84   71   42   99   1   1  14   5 
Hairston, S          lf  .255  .305  .418   17   55   14   6   0   1    7   10    4   14   0   0   1   0 
Pierzynski, A*       c   .252  .293  .369  140  472  119  20   1  11   47   69   26   87   5   1   0   1 
Young, D#            lf  .240  .240  .320   19   25    6   0   1   0    5    0    0    4   0   0   0   0 
Hall, B              cf  .225  .293  .335   95  284   64  19   0   4   28   26   26  102   2   0   1   1 
Uggla, D             2b  .218  .287  .475  163  577  126  42   2  34   85  108   45  141  13   0   2   1 
Helms, W             3b  .208  .276  .264   22   53   11   3   0   0    2    2    4   14   1   0   0   0 
Wells, V             cf  .205  .243  .299  142  458   94  18   2   7   43   48   19   83   6   0   3   1 
Baldelli, R          cf  .000  .000  .000    0    0    0   0   0   0    0    0    0    0   0   0   0   0 
Balentien, W         rf  .000  .000  .000    0    0    0   0   0   0    0    0    0    0   0   0   0   0 
Clement, J*          dh  .000  .000  .000    0    0    0   0   0   0    0    0    0    0   0   0   0   0 
Pitchers                 .000  .000  .000  162    0    0   0   0   0    0    0    0    0   0   0   0   0 
Total                    .267  .325  .436  162 5665 1513 342  23 190  793  758  459 1172  53  20  97  34 

                             Team pitching - 2008 Arlington Armadillos                              
                                           Regular season                                           

Name                 P     ERA   W   L   S   G  GS  CG SHO     INN    H    R   ER   BB    K  HR GDP    BF 
Saito, T             cl   1.04   6   3  25  45   0   0   0    60.2   40    8    7   20   65   3   9   237 
Buckner, B           sp   1.50   1   0   0   1   1   0   0     6.0    5    1    1    3    2   0   2    24 
Littleton, W         mr   2.35   1   0   0   2   0   0   0     7.2    8    2    2    1    5   1   1    32 
Bazardo, Y           mr   2.57   0   1   0   1   1   0   0     7.0    4    2    2    0    3   0   2    26 
Soriano, R           mr   3.18   4   8  12  50   0   0   0    70.2   43   26   25   18   75  15   5   269 
Rauch, J             mr   3.39   2   5   5  61   0   0   0    85.0   80   34   32   17   63  11   9   343 
Riske, D             mr   3.42   2   2   4  34   0   0   0    52.2   52   21   20   16   41   6   5   220 
Vazquez, J           sp   3.90  15  12   0  34  34   0   0   201.0  194   97   87   50  198  18  11   848 
Wainwright, A        sp   4.04  15   5   0  32  32   2   1   211.2  241  104   95   73  126  18  24   927 
Sheets, B            sp   4.46  10   7   0  24  24   2   0   147.1  161   73   73   35  107  22   8   631 
Lackey, J            sp   4.48  10  10   0  33  33   4   1   213.0  247  113  106   46  175  27  29   913 
Billingsley, C       mr   4.65   9   5   0  20  20   0   0   112.1  111   59   58   53   97  13   9   493 
Saunders, J*         sp   5.64   4   5   0  33  10   0   0    99.0  130   65   62   24   65  12  10   438 
Ayala, L             mr   6.00   2   1   0  21   0   0   0    36.0   57   26   24   17   18   6   1   182 
Bailey, H            sp   6.09   4   3   0   8   8   0   0    44.1   40   31   30   26   20   1   4   191 
Reyes, A             cl   6.26   4   2   2  28   0   0   0    41.2   38   29   29   18   51  15   2   180 
Ledezma, W*          mr   7.75   2   0   1  15   0   0   0    33.2   50   35   29   21   20   5   4   173 
Santana, E           sp  12.34   0   2   0  17   1   0   0    23.1   50   36   32   13   16   4   2   132 
Paulino, F           sp  40.50   0   0   0   1   0   0   0     0.2    4    3    3    0    0   1   0     6 
Total                     4.44  91  71  49 164 164   8   5  1453.2 1555  765  717  451 1147 178 137  6265 

