                              Team batting - 2009 Arlington Armadillos                              
                                           Regular season                                           

Name                 P    AVG   OBP   SPC    G   AB    H  2B  3B  HR    R  RBI   BB    K HBP  IW  SB  CS 
Perez, F#            cf  .400  .333  .400    4    5    2   0   0   0    0    1    0    1   0   0   0   1 
Baldelli, R          dh  .400  .471  .867    6   15    6   1   0   2    4    2    1    5   1   0   0   0 
Grudzielanek, M      2b  .344  .397  .474   77  215   74  13   0   5   31   33   15   29   5   1   3   1 
Wells, V             cf  .298  .322  .490  108  416  124  17   0  21   59   77   15   44   1   0   1   0 
Span, D*             rf  .295  .383  .453  123  322   95  15   9   6   55   45   45   67   2   1  10   5 
Upton, B             cf  .285  .383  .425  146  527  150  36   1  12   96   60   84  141   1   2  43  13 
Reyes, J#            ss  .283  .334  .443  162  709  201  33  19  14  111   89   55  105   2   2  40  16 
Hairston, S          cf  .281  .314  .566   90  281   79  17   3  19   40   45   13   67   2   1   0   2 
Pierzynski, A*       c   .279  .304  .412  140  520  145  22   4  13   55   80   12   79   8   1   4   0 
Wright, D            3b  .277  .364  .477  162  614  170  31   1  30  104  103   81  130   8   7   6   3 
Murphy, D*           rf  .274  .326  .457  141  442  121  29   2  16   70   64   37   94   0   1   6   5 
Matthews, G#         rf  .273  .339  .403   80  216   59  12   2   4   22   15   19   38   3   1   4   0 
Arias, J             2b  .273  .429  .364   17   11    3   1   0   0    2    0    2    0   1   0   0   1 
Morneau, J*          1b  .266  .341  .480  162  629  167  46   1  29  100  107   73  113   4  10   0   0 
Uggla, D             2b  .241  .331  .447  159  552  133  35   2  25  101   92   71  171   7   4   1   3 
Barajas, R           c   .231  .280  .338   56  130   30  11   0   1   15   12    9   22   1   0   1   0 
Balentien, W         rf  .190  .235  .333   22   63   12   3   0   2    6   13    4   23   0   0   0   0 
Clement, J*          c   .000  .000  .000    4    7    0   0   0   0    1    0    0    3   0   0   0   0 
Antonelli, M         2b  .000  .000  .000    0    0    0   0   0   0    0    0    0    0   0   0   0   0 
Pitchers                 .000  .000  .000  162    0    0   0   0   0    0    0    0    0   0   0   0   0 
Total                    .277  .341  .454  162 5674 1571 322  44 199  872  838  536 1132  46  31 119  50 


                             Team pitching - 2009 Arlington Armadillos                              
                                           Regular season                                           

Name                 P     ERA   W   L   S   G  GS  CG SHO     INN    H    R   ER   BB    K  HR GDP    BF 
Soriano, R           mr   0.00   0   0   0   3   0   0   0     5.2    0    0    0    0    6   0   0    17 
Mijares, J*          mr   0.00   1   0   0   1   0   0   0     2.0    2    0    0    0    3   0   0     8 
Saito, T             cl   1.82   3   2  21  31   0   0   0    39.2   36   14    8    6   49   2   3   161 
Rupe, J              mr   2.75   3   1   2  35   0   0   0    88.1   79   28   27   40   47   6   7   381 
Ramirez, R           mr   3.50   4   3  13  37   0   0   0    46.1   37   24   18   19   46   1   7   190 
Rauch, J             mr   3.82   4   7   2  51   0   0   0    63.2   65   27   27    9   64  16   2   266 
Saunders, J*         sp   3.89  13   8   0  31  31   5   1   210.2  227  102   91   36  109  31  24   875 
Santana, E           sp   3.95  17  10   0  32  32   5   1   219.0  215  102   96   49  185  37  18   910 
Lewis, S*            sp   3.97   3   1   5  18   0   0   0    22.2   19   10   10    6   15   4   1    92 
Ayala, L             mr   4.11   0   0   0   9   0   0   0    15.1   15    7    7   10   11   2   4    68 
Lopez, J*            mr   4.32   6   3   2  44   0   0   0    58.1   57   31   28   22   30  10  12   247 
Wainwright, A        sp   4.71   7   5   1  18  12   0   0    84.0   87   49   44   25   67  11   2   367 
Sheets, B            sp   4.97  11   7   0  31  31   1   0   201.0  242  121  111   60  159  26  12   886 
Lackey, J            sp   5.39   9   7   0  24  24   2   0   153.2  173   96   92   43  116  41  24   667 
Ledezma, W*          mr   5.80   2   2   0  40   0   0   0    59.0   63   40   38   46   57  10   6   279 
Billingsley, C       sp   6.67   7  15   0  32  32   0   0   167.1  221  140  124   88  149  27  24   792 
Garcia, J*           mr   9.53   0   1   0   6   0   0   0     5.2   10    6    6    3    4   4   0    30 
Bailey, H            sp  18.00   0   0   0   1   0   0   0     1.0    4    2    2    0    1   2   0     7 
Total                     4.55  90  72  46 162 162  13   5  1443.1 1552  799  729  462 1118 230 146  6243 
