                              Team batting - 2010 Arlington Armadillos                              
                                           Regular season                                           

Name                 P    AVG   OBP   SPC    G   AB    H  2B  3B  HR    R  RBI   BB    K HBP  IW  SB  CS 
Balentien, W         lf 1.000 1.000 1.000    1    1    1   0   0   0    0    0    0    0   0   0   0   0 
Hairston, S          lf  .322  .386  .535   67  202   65  22   3   5   35   27   21   45   2   3   2   0 
Wright, D            3b  .309  .378  .448  155  592  183  49   3   9   95   93   62  131   7   6  15   1 
Reyes, J#            ss  .302  .372  .500   40  106   32   8   2   3   17   11   13   16   0   1   5   1 
Pierzynski, A*       c   .300  .348  .381  126  383  115  19   3   2   43   37   27   38   3   2   1   0 
Davis, R             cf  .299  .339  .426   94  408  122  23   4   7   63   39   20   87   6   0  30   4 
Hairston, J          3b  .289  .348  .430  116  349  101  17   1  10   48   50   28   41   5   0   3   2 
Upton, B             cf  .286  .339  .474  123  454  130  42   2  13   65   71   37  124   2   0  20  13 
Span, D*             cf  .284  .366  .355  132  560  159  13   6   5   82   46   66   90   7   3  10   5 
Thole, J*            c   .283  .327  .283   13   46   13   0   0   0    5    2    3    8   0   0   0   0 
Morneau, J*          1b  .261  .354  .430  141  544  142  32   0  20   77  107   80  100   4  10   1   0 
Wells, V             cf  .258  .303  .398  113  445  115  23   0  13   53   76   24   75   6   0   8   4 
Murphy, D*           lf  .250  .332  .402  120  376   94  22   1  11   58   57   46  109   1   3   4   3 
Green, N             ss  .235  .297  .346   78  260   61  18   1   3   34   26   17   64   7   0   4   0 
Gwynn, T*            cf  .230  .290  .298   61  191   44   2   4   1   27   15   14   46   2   0   4   0 
Baldelli, R          rf  .222  .312  .395   24   81   18   2   0   4   12    9   10   16   1   0   0   1 
Uggla, D             2b  .205  .302  .497  162  596  122  23   2  49   93   99   73  152  12   1   3   1 
Barajas, R           c   .200  .242  .324   78  210   42  11   0   5   17   24   10   30   3   0   0   0 
Pitchers                 .000  .000  .000  162    0    0   0   0   0    0    0    0    0   0   0   0   0 
Total                    .269  .336  .419  162 5804 1559 326  32 160  824  789  551 1172  68  29 110  35 

                             Team pitching - 2010 Arlington Armadillos                              
                                           Regular season                                           

Name                 P     ERA   W   L   S   G  GS  CG SHO     INN    H    R   ER   BB    K  HR GDP    BF 
Bailey, A            cl   1.63   8   8  30  62   0   0   0    83.0   55   19   15   19  101   6   2   325 
Soriano, R           cl   2.73   7   2   4  45   0   0   0    66.0   40   20   20   28   98   5   2   264 
Ramirez, R           mr   3.43   3   3   1  43   0   0   0    65.2   55   26   25   34   43   6   3   280 
Rauch, J             mr   3.45   2   2   0  42   0   0   0    70.1   69   27   27   24   46   7   6   293 
Saito, T             mr   3.53   3   1   1  37   0   0   0    58.2   45   23   23   30   50   4   1   249 
Melancon, M          mr   3.72   1   0   1   7   0   0   0     9.2    4    4    4    6    7   0   0    40 
Wainwright, A        sp   4.73  10  18   0  34  34   4   1   220.2  231  129  116   71  192  30  18   944 
Lackey, J            sp   4.85  10   9   0  27  27   3   1   176.1  210   99   95   39  122  28  22   756 
Billingsley, C       sp   5.23  11   8   0  33  32   0   0   182.1  195  115  106   80  172  24  16   819 
Saunders, J*         sp   5.58  12   7   0  31  31   0   0   172.2  204  118  107   53   94  33  29   755 
Mijares, J*          mr   5.71   5   3   3  41   0   0   0    58.1   57   39   37   28   61   9   2   260 
Bailey, H            sp   5.93   3   5   0  19  10   0   0    85.0   90   58   56   46   66  13   7   386 
Stults, E*           sp   6.19   1   2   0  11   5   0   0    36.1   43   26   25   23   20   3   5   172 
Santana, E           sp   6.73   6  11   0  23  23   1   0   127.0  166  102   95   47  113  28  10   589 
Buckner, B           sp   8.10   0   1   3  29   0   0   0    70.0  100   66   63   18   56  23   9   331 
Carrasco, C          sp  20.25   0   0   0   1   0   0   0     1.1    2    3    3    4    2   1   0    10 
Total                     4.96  82  80  43 162 162   8   5  1483.1 1566  874  817  550 1243 220 132  6473 
