                              Team batting - 2011 Arlington Armadillos                              
                                           Regular season                                           

Name                 P    AVG   OBP   SPC    G   AB    H  2B  3B  HR    R  RBI   BB    K HBP  IW  SB  CS 
Morneau, J*          1b  .366  .468  .640   90  314  115  27   1  19   57   50   60   70   2  20   0   0 
Thole, J*            c   .322  .387  .455   42  121   39   5   1   3   19   12   14   10   0   0   0   0 
Murphy, D*           lf  .309  .376  .467  131  450  139  33   4  10   72   63   49   87   1   1   6   4 
Arias, J             2b  .304  .324  .362   21   69   21   4   0   0    5    7    2    9   0   0   0   0 
Miles, A#            2b  .299  .337  .333   29   87   26   3   0   0   13    8    3    7   2   0   0   1 
Morrison, L*         lf  .290  .379  .477   35  107   31   5   6   1   20    9   15   29   1   0   0   0 
Upton, B             cf  .286  .373  .539   76  245   70  20   3  12   50   41   34   72   0   1  19   7 
Wells, V             cf  .285  .323  .485  128  470  134  35   1  19   72   74   27   68   2   1   1   2 
Wright, D            3b  .282  .336  .546  157  613  173  28   1  44   98  128   47  154   5   4  12   6 
Davis, R             cf  .280  .313  .389  143  568  159  35   3   7   81   56   22   89   6   1  45  16 
Reyes, J#            ss  .276  .304  .451  142  601  166  35   8  18   91   82   20   79   5   0  11   7 
Uggla, D             2b  .268  .350  .461  161  583  156  23   0  30   92   85   70  134   5   9   4   0 
Span, D*             cf  .252  .336  .363  120  377   95  18   6   4   48   43   43   51   6   2   6   3 
Edmonds, J*          cf  .250  .289  .463   78  240   60  21   0  10   23   41   14   64   0   1   0   2 
Barajas, R           c   .232  .282  .457   49  151   35  10   0   8   17   22    3   22   8   0   0   1 
Pierzynski, A*       c   .226  .260  .340  108  318   72   9   0   9   28   30    9   42   6   0   1   0 
Colvin, T*           rf  .192  .238  .380   83  287   55   9   3  13   34   36   16   85   2   0   3   0 
Hairston, J          ss  .158  .169  .246   79   57    9   2   0   1    6    5    1    6   0   0   0   0 
Anderson, L*         1b  .000  .000  .000    1    1    0   0   0   0    0    0    0    1   0   0   0   0 
Trumbo, M            1b  .000  .000  .000    0    0    0   0   0   0    0    0    0    0   0   0   0   0 
Pitchers                 .000  .000  .000  162    0    0   0   0   0    0    0    0    0   0   0   0   0 
Total                    .275  .332  .455  162 5659 1555 322  37 208  826  792  449 1079  51  40 108  49 

                             Team pitching - 2011 Arlington Armadillos                              
                                           Regular season                                           

Name                 P     ERA   W   L   S   G  GS  CG SHO     INN    H    R   ER   BB    K  HR GDP    BF 
Saito, T             mr   1.88   0   2   3  31   0   0   0    43.0   36   10    9   17   49   2   3   180 
Bailey, A            cl   2.12   0   0   4  10   0   0   0    17.0   11    4    4    3   12   2   0    65 
Rauch, J             cl   2.65   5   3   2  34   0   0   0    57.2   57   21   17   16   42   1   3   242 
Soriano, R           cl   2.66   4   4  22  44   0   0   0    50.2   32   15   15   10   47   5   3   193 
Venters, J*          mr   2.70   1   2  12  38   0   0   0    30.0   29    9    9   18   38   1   3   137 
Ramirez, R           mr   2.70   2   2   3  31   0   0   0    50.0   31   16   15   14   39   5   5   191 
Melancon, M          mr   2.84   0   0   0   2   0   0   0     6.1    6    2    2    1    4   1   2    24 
Bailey, H            sp   3.48   2   1   0   3   3   1   0    20.2   20    8    8   10   18   0   1    90 
Ogando, A            mr   3.66   2   1   2  29   0   0   0    39.1   46   18   16   18   33   1   5   180 
Wainwright, A        sp   3.70  14  14   0  33  32   7   4   221.1  221   93   91   53  208  17  22   911 
Garcia, J*           sp   3.71  17   9   0  29  28   2   2   187.0  172   83   77   56  152  16  25   760 
Mijares, J*          mr   3.86   2   1   1  20   0   0   0    28.0   32   12   12    5   26   3   5   117 
Capuano, C*          mr   3.91   2   0   1  23   0   0   0    48.1   58   24   21   21   33   5   8   218 
Billingsley, C       sp   3.93  16   4   0  31  31   1   0   188.0  213   98   82   56  157  12  12   834 
Santana, E           sp   5.12  11  13   0  32  32   4   4   182.2  180  109  104   61  137  28  13   779 
Saunders, J*         sp   5.26   0   1   0  23   0   0   0    39.1   60   25   23   14   21   6  10   188 
Sheets, B            sp   5.52   4   0   0  19   0   0   0    44.0   48   28   27   22   21  11   4   200 
Lackey, J            sp   6.95   9  11   0  33  33   0   0   176.0  233  148  136   58  144  27  12   818 
Carrasco, C          sp   9.39   1   2   0   3   3   0   0    15.1   24   16   16    4   16   3   1    72 
Total                     4.26  92  70  50 162 162  15  14  1444.2 1509  739  684  457 1197 146 137  6199 

