                            Team batting - 2012 Arlington Armadillos                              
                                           Regular season                                           

Name                 P    AVG   OBP   SPC    G   AB    H  2B  3B  HR    R  RBI   BB    K HBP  IW  SB  CS 
Marrero, C           1b  .368  .368  .474    7   19    7   2   0   0    2    4    0    5   0   0   0   0 
Reyes, J#            ss  .341  .393  .515  132  569  194  36  12  13  101   63   48   50   1   6  26   7 
Span, D*             cf  .331  .386  .539   76  269   89  13   8   9   48   52   26   33   0   1   3   0 
Davis, R             cf  .328  .376  .510   75  192   63  20   6   1   36   29   14   36   2   0  22   8 
Weeks, J#            2b  .316  .349  .441   98  392  124  26   7   3   57   50   18   64   3   2  17   7 
Pierzynski, A*       c   .301  .345  .469   98  256   77  26   1   5   35   34   12   27   7   4   0   0 
Murphy, D*           lf  .296  .333  .423  115  402  119  21   0  10   51   51   22   49   1   0   4   2 
Upton, B             cf  .288  .360  .494  115  393  113  19   1  20   69   55   45   96   1   0  21   7 
Harrison, J          3b  .282  .311  .391   45  156   44   9   1   2   27   15    7   16   0   0   5   0 
Hairston, J          3b  .277  .337  .427  113  267   74  20   1   6   36   40   19   36   6   0   1   0 
Thames, E*           lf  .272  .304  .534   87  324   88  20   7  17   59   56   15   74   2   1   0   0 
Morneau, J*          1b  .268  .349  .643   19   56   15   6   0   5    9   13    7    7   0   0   0   0 
Thole, J*            c   .268  .344  .387  115  351   94  16   1   8   51   36   38   47   4   0   1   1 
Wright, D            3b  .255  .338  .421  105  368   94  23   1  12   50   47   43   96   4   1   3   0 
Trumbo, M            1b  .251  .269  .468  141  581  146  35   2  29   71  100   11  127   5   0   5   4 
Barajas, R           c   .250  .250  .500    5    4    1   1   0   0    0    0    0    0   0   0   0   0 
Wells, V             lf  .235  .280  .440   97  298   70  15   5  12   36   56   17   55   3   0   4   5 
Uggla, D             2b  .228  .298  .471  161  605  138  21   0  42   94  105   57  149   4   0   1   0 
Morrison, L*         lf  .206  .276  .389  114  311   64  15   3  12   39   39   27   83   3   0   1   0 
Colvin, T*           rf  .000  .000  .000    1    1    0   0   0   0    0    0    0    0   0   0   0   0 
Laird, B             3b  .000  .000  .000    0    0    0   0   0   0    0    0    0    0   0   0   0   0 
Pitchers                 .000  .000  .000  162    0    0   0   0   0    0    0    0    0   0   0   0   0 
Total                    .278  .330  .462  162 5814 1614 344  56 206  871  845  426 1050  46  15 114  41 


                           Team pitching - 2012 Arlington Armadillos                              
                                           Regular season                                           

Name                 P     ERA   W   L   S   G  GS  CG SHO     INN    H    R   ER   BB    K  HR GDP    BF 
Mijares, J*          mr   0.00   0   0   1   1   0   0   0     0.1    0    0    0    0    1   0   0     1 
Saito, T             mr   1.39   3   2   0  22   0   0   0    32.1   23    6    5    5   23   1   5   119 
Bailey, A            cl   3.63   2   3   7  16   0   0   0    17.1   17    8    7    1   15   2   1    70 
Venters, J*          mr   4.15   5   7   4  63   0   0   0    86.2   75   43   40   54   94  12  17   377 
Billingsley, C       sp   4.20   9  11   0  30  29   3   1   175.2  194   90   82   76  141  23  15   787 
Ramirez, R           mr   4.30   5   1   0  37   0   0   0    52.1   46   27   25   24   55   5   6   221 
Lindblom, J          mr   4.32   0   0   0   3   0   0   0     8.1    8    4    4    2    8   0   1    35 
Melancon, M          cl   4.32   7   6  28  57   0   0   0    66.2   72   37   32   18   57   9   5   288 
Ogando, A            sp   4.40  14   8   0  29  29   2   0   180.0  180   91   88   39  146  37  18   755 
Rauch, J             mr   4.50   0   0   0  32   0   0   0    48.0   54   24   24    8   31   9   7   199 
Santana, E           sp   5.43  10  10   0  34  34   1   0   207.0  221  130  125   65  176  31  14   892 
Carrasco, C          sp   5.48   3   0   0  45   1   0   0    88.2  103   62   54   26   56  14   5   401 
Garcia, J*           sp   5.94  10  10   0  33  32   0   0   172.2  230  129  114   48  136  25  25   780 
Soriano, R           mr   6.07   1   5   2  34   0   0   0    40.0   49   27   27   21   37   5   4   183 
Saunders, J*         sp   8.05   5  19   0  34  34   0   0   176.2  240  164  158   64   76  50  31   810 
Capuano, C*          sp   8.14   4   2   2  51   3   0   0    97.1  143   94   88   36   90  21   7   477 
Total                     5.42  78  84  44 162 162   6   3  1450.0 1655  936  873  487 1142 244 161  6395 

