                           DMB team batting -- 2015 Arlington Armadillos                            
                                 Regular season -- as of 9/21/2015                                  

S Name               P    AVG   OBP   SPC    G   AB    H  2B  3B  HR    R  RBI   BB    K HBP  IW  SB  CS 
  Gennett*           2b  .303  .338  .445  132  456  138  25   2  12   67   68   25   65   1   1   3   1 
  Panik*             2b  .301  .340  .415   94  236   71   9   3   4   35   27   13   31   1   0   1   0 
f Reyes#             ss  .295  .326  .403  161  658  194  31   5  10   85   81   33   76   1   0  12   9 
  Arenado            3b  .289  .334  .490  105  408  118  37   3  13   56   69   25   54   5   1   1   1 
  Morrison*          1b  .286  .344  .401   99  294   84  19   0   5   30   23   23   47   4   4   0   1 
  Span*              cf  .284  .341  .405  141  570  162  43   7   4   90   53   50   64   1   1  17   3 
  Morneau*           1b  .283  .326  .443  134  492  139  31   0  16   65   86   31   60   4  17   1   1 
  Escobar,Edu#       ss  .279  .323  .418   97  280   78  18   0   7   39   38   20   52   0   2   0   0 
  Pierzynski*        c   .277  .316  .395  111  354   98   7   1  11   38   46   15   57   6   0   0   0 
  Wright,D           3b  .262  .314  .358  160  534  140  24   0   9   46   59   34  124   7   3   2   2 
f Murphy,Dav*        rf  .261  .318  .380  111  403  105  20   2   8   34   42   36   56   0   5   3   1 
  Aoki*              rf  .258  .317  .341  141  466  120  22   7   1   53   31   38   45   4   0   4   3 
  Trumbo             1b  .201  .253  .353   85  269   54  11   3   8   24   28   14   69   5   3   1   0 
  Thole*             c   .200  .261  .218   72  110   22   2   0   0   11    7    9   28   0   0   0   1 
  Upton,B            cf  .185  .265  .252   36  119   22   3   1   1   11    4   11   28   2   0   3   1 
f Bethancourt        c   .169  .197  .178   39  118   20   1   0   0    7    6    3   29   1   0   0   0 
  Pitchers               .000  .000  .000  162    0    0   0   0   0    0    0    0    0   0   0   0   0 
  Total                  .271  .319  .392  162 5767 1565 303  34 109  691  668  380  885  42  37  48  24 
  
                           DMB team pitching -- 2015 Arlington Armadillos                           
                                 Regular season -- as of 9/21/2015                                  

S Name               P     ERA   W   L   S   G  GS  CG SHO     INN    H    R   ER   BB    K  HR GDP    BF 
  Melancon           cl   1.79   4   4  29  52   0   0   0    65.1   54   15   13   13   53   2   0   267 
  Miller,A*          mr   1.93   2   5   2  41   0   0   0    56.0   29   12   12   11   83   3   0   212 
  Soriano,R          cl   1.99   3   5   0  28   0   0   0    40.2   23   12    9   18   36   3   4   158 
  Carrasco           mr   2.32   8   3   0  14  14   2   0   100.2   80   32   26   21  115   4   4   411 
  Germen             mr   2.45   0   0   0   6   0   0   0    14.2   14    4    4    6   12   2   1    63 
  Wainwright         sp   2.46  19   8   0  32  32  10   4   259.1  241   79   71   54  181  13  36  1040 
f Brach              mr   2.76   1   1   1  46   0   0   0    62.0   50   20   19   18   50   4   6   253 
f McHugh             sp   3.08  12  11   0  26  26   1   1   172.2  141   67   59   50  177  16   9   705 
  Warren             mr   3.62   5   1   3  41   0   0   0    54.2   46   23   22   14   47   2   5   221 
  Carpenter,DD       mr   4.37   3   1   0  52   0   0   0    55.2   66   31   27   21   53   3   7   249 
f Saunders,J*        sp   4.50   0   0   0   5   0   0   0     8.0   12    5    4    3    4   3   2    39 
  Matzek*            sp   4.73   8   7   0  18  18   0   0   102.2  115   66   54   43   79   9  12   458 
  Miley*             sp   5.01   7  13   0  32  32   1   0   181.1  222  110  101   79  137  22  18   832 
  Capuano*           mr   5.36   0   2   1  43   1   0   0    85.2  105   61   51   42   69  10   6   409 
  Garcia,J*          sp   5.92   2   3   0   8   7   0   0    38.0   53   27   25    8   35  10   6   171 
  Santana,E          sp   6.31   7  16   0  31  31   1   0   164.0  217  126  115   55  149  22  16   757 
f Lindblom           sp   6.43   0   1   0   1   1   0   0     7.0    6    5    5    2    2   2   0    31 
  Total                   3.78  81  81  36 162 162  15  12  1468.1 1474  695  617  458 1282 130 132  6276 