 DMB team batting -- 2018 Arlington Armadillos                            
                                 Regular season -- as of 9/27/2018                                  

S Name               P    AVG   OBP   SPC    G   AB    H  2B  3B  HR    R  RBI   BB    K HBP  IW  SB  CS 
  Devers*            3b  .316  .354  .553   32   76   24   3   0   5   10   16    5   27   0   0   0   0 
n Aoki*              lf  .300  .351  .410  102  327   98  18   0   6   44   31   22   44   4   0   3   1 
f Gennett*           2b  .293  .336  .532  124  457  134  22   3  27   75   78   27  120   4   0   4   0 
  Merrifield         2b  .290  .332  .462  131  545  158  29   4  19   82   67   29   92   6   2  21   5 
  Span*              cf  .288  .366  .455  113  292   84  19   3   8   55   26   35   36   2   0   5   2 
  Escobar,E#         3b  .270  .309  .457  112  337   91   8   5  15   55   43   20   83   1   1   1   0 
  Panik*             2b  .267  .327  .428  119  460  123  20   6  14   61   63   35   63   7   0   3   1 
f d'Arnaud,T         c   .267  .346  .470  107  202   54  16   2   7   25   31   24   41   1   1   0   0 
  Morrison*          1b  .265  .349  .535  155  550  146  32   1  38   82   99   67  168   5   0   4   0 
  Mancini            lf  .258  .302  .420  124  493  127  26   3  16   61   86   28  138   5   0   2   1 
  Trumbo             dh  .250  .321  .431   81  260   65  11   0  12   32   36   26   74   2   1   0   0 
  Arenado            3b  .239  .288  .457  162  644  154  29   3  35   93  100   41  139   6   6   1   0 
  Polanco,J#         ss  .235  .301  .333  133  460  108  23   8   2   53   36   42   72   3   2   4   1 
  Wolters*           c   .232  .287  .263   82  198   46   6   0   0   18   15   15   57   1   0   0   0 
  Reyes#             ss  .218  .287  .306   61  124   27   6   1   1   14   10   12   25   0   1   3   0 
f Bader              cf  .176  .229  .275   27  102   18   4   0   2   10    7    6   34   1   0   0   1 
  Torrens            c   .129  .203  .147   54  116   15   2   0   0    9    4   10   29   1   0   0   1 
  Crawford,J*        3b  .100  .438  .100   11   10    1   0   0   0    2    0    6    5   0   0   0   0 
f Robles,V           rf  .000  .000  .000    0    0    0   0   0   0    0    0    0    0   0   0   0   0 
  Pitchers               .000  .000  .000  162    1    0   0   0   0    0    0    0    1   0   0   0   0 
  Total                  .261  .319  .433  162 5654 1473 274  39 207  781  748  450 1248  49  14  51  13 


                           DMB team pitching -- 2018 Arlington Armadillos                           
                                 Regular season -- as of 9/27/2018                                  

S Name               P     ERA   W   L   S   G  GS  CG SHO     INN    H    R   ER   BB    K  HR GDP    BF 
f Crick              mr   2.64   0   1   0  18   0   0   0    30.2   19   11    9   16   19   3   1   126 
f Harris             mr   2.90   1   0   2  25   0   0   0    40.1   31   13   13    5   43   5   4   156 
f Busenitz           mr   3.28   0   3   4  17   0   0   0    35.2   27   13   13    6   28   8   3   136 
f Devenski           mr   3.62   2   5   3  53   0   0   0    79.2   60   37   32   28   97  11   4   325 
  Brach              cl   3.64   1   8  20  47   0   0   0    54.1   52   22   22   20   64   5   2   233 
  Matz*              sp   3.77   1   0   1   9   1   0   0    28.2   30   14   12    7   11   7   5   119 
f Brebbia            mr   4.31   1   1   0  31   0   0   0    48.0   43   23   23    5   41   9   4   193 
  Leiter             mr   4.52   4   6   0  30   4   0   0    87.2   85   50   44   37   81  22   7   379 
f Ynoa,G             mr   4.71   2   0   0  10   0   0   0    21.0   26   13   11    6   18   2   5    94 
  Gibson             sp   4.74   4  11   0  28  28   0   0   146.1  182   87   77   65  106  19  25   659 
f Melancon           cl   5.20   2   1   0  20   0   0   0    27.2   34   17   16    7   24   3   4   126 
  Hernandez,F        sp   5.23   5   1   0   9   9   0   0    53.1   51   34   31   15   49   7   7   224 
  Pelfrey            sp   5.24   0   0   0  18   0   0   0    34.1   42   23   20   16   20   6   7   159 
  Wacha              sp   5.32   9  10   0  29  29   0   0   164.0  193  101   97   60  150  22  27   719 
  Treinen            mr   5.60   4   5   1  46   0   0   0    70.2   85   46   44   28   68   9   9   321 
f Garcia,Jai*        sp   6.16  11  12   0  27  27   2   0   149.0  174  108  102   62  113  21  16   678 
  Miley*             sp   6.95   7  16   0  32  32   1   1   160.2  184  128  124   93  145  30  21   743 
  Neverauskas        mr   7.36   0   3   0  14   0   0   0    18.1   23   15   15   12   17   2   3    86 
  McHugh             sp   7.48   2   2   0  17   4   0   0    49.1   68   42   41   20   44  11   4   234 
f Wainwright         sp   8.44   4  12   0  23  23   0   0   106.2  152  106  100   49   69  21  13   515 
  Lugo               sp  13.91   0   5   0   5   5   0   0    22.0   44   35   34    6   16   9   1   117 
  Batters                 0.00   0   0   0   0   0   0   0     0.0    0    0    0    0    0   0   0     0 
  Total                   5.54  60 102  31 162 162   3   5  1428.1 1605  938  880  563 1223 232 172  6342 



                          DMB team fielding -- 2018 Arlington Armadillos                           
                                 Regular season -- as of 9/27/2018                                  

Pos  S Name                     G  GS    INN   PO    A   E  DP   TC    PCT  PB  SB  CS   SB%  PK 
p    f Jaime Garcia            27  27  149.0   10   16   1   0   27   .963       8   1  .889   0 
       Wade Miley              32  32  160.7   10   14   0   1   24  1.000       3   2  .600   2 
     f Adam Wainwright         23  23  106.7    6   15   0   0   21  1.000       3   1  .750   0 
       Michael Wacha           29  29  164.0    2   18   0   5   20  1.000       4   4  .500   0 
       Kyle Gibson             28  28  146.3    3   14   0   3   17  1.000       2   1  .667   1 
       Mark Leiter             30   4   87.7    3    9   0   0   12  1.000       3   1  .750   0 
       Blake Treinen           46   0   70.7    1    8   0   0    9  1.000       2   1  .667   0 
       Brad Brach              47   0   54.3    2    5   0   1    7  1.000       0   1  .000   1 
     f John Brebbia            31   0   48.0    3    4   0   1    7  1.000       1   0 1.000   0 
       Collin McHugh           17   4   49.3    4    3   0   0    7  1.000       1   0 1.000   0 
     f Alan Busenitz           17   0   35.7    4    2   0   0    6  1.000       3   1  .750   0 
     f Chris Devenski          53   0   79.7    3    3   0   1    6  1.000       4   0 1.000   0 
     f Gabriel Ynoa            10   0   21.0    4    2   0   1    6  1.000       1   0 1.000   0 
     f Will Harris             25   0   40.3    3    2   0   0    5  1.000       0   0  .000   0 
       Steven Matz              9   1   28.7    0    5   0   1    5  1.000       1   0 1.000   0 
     f Kyle Crick              18   0   30.7    3    1   0   0    4  1.000       0   0  .000   0 
       Dovydas Neverauskas     14   0   18.3    1    3   0   1    4  1.000       1   0 1.000   0 
       Mike Pelfrey            18   0   34.3    1    3   0   0    4  1.000       0   0  .000   0 
       Felix Hernandez          9   9   53.3    0    3   0   1    3  1.000       3   1  .750   0 
     f Mark Melancon           20   0   27.7    1    2   0   0    3  1.000       0   0  .000   0 
       Seth Lugo                5   5   22.0    1    0   0   0    1  1.000       1   1  .500   0 
       Total                  508 162 1428.3   65  132   1  16  198   .995      41  15  .732   4 
                                                                                                 
c      Tony Wolters            81  70  567.0  500   22   1   3  523   .998  11  12   8  .600   1 
     f Travis d'Arnaud         94  50  516.3  463   13   3   1  479   .994   1  22   4  .846   0 
       Luis Torrens            53  42  345.0  301   10   1   1  312   .997   4   7   3  .700   0 
       Total                  228 162 1428.3 1264   45   5   5 1314   .996  16  41  15  .732   1 
                                                                                                 
1b     Logan Morrison         149 148 1300.3 1380   71   9 161 1460   .994                       
       Mark Trumbo             12  12  110.0  101    4   1  12  106   .991                       
       Trey Mancini             2   2   18.0   14    1   0   2   15  1.000                       
       Total                  163 162 1428.3 1495   76  10 175 1581   .994                       
                                                                                                 
2b     Joe Panik              110 110  949.3  208  361   6 104  575   .990                       
     f Scooter Gennett         21  21  189.0   48   87   0  23  135  1.000                       
       Whit Merrifield         19  19  166.0   31   68   0  17   99  1.000                       
       Eduardo Escobar         14  12  120.0   28   36   0  10   64  1.000                       
       Jose Reyes               1   0    3.0    0    1   0   0    1  1.000                       
       Tony Wolters             1   0    1.0    0    0   0   0    0   .000                       
       Total                  166 162 1428.3  315  553   6 154  874   .993                       
                                                                                                 
3b     Nolan Arenado          162 162 1414.0   75  355   7  47  437   .984                       
       Jose Reyes               5   0    9.3    0    1   0   0    1  1.000                       
       Rafael Devers            2   0    3.0    0    0   0   0    0   .000                       
       Eduardo Escobar          2   0    2.0    0    0   0   0    0   .000                       
       Total                  171 162 1428.3   75  356   7  47  438   .984                       
                                                                                                 
ss     Jorge Polanco          133 133 1140.0  159  475  25  86  659   .962                       
       Eduardo Escobar         39  29  269.0   40  123   4  26  167   .976                       
       Jose Reyes               7   0   14.3    4    4   0   2    8  1.000                       
       J.P. Crawford            2   0    5.0    1    5   0   0    6  1.000                       
       Total                  181 162 1428.3  204  607  29 114  840   .965                       
                                                                                                 
lf     Trey Mancini           109 108  945.3  183    5   3   1  191   .984                       
       Eduardo Escobar         42  42  372.0   84    2   1   0   87   .989                       
       Jose Reyes              12  12  109.0   20    1   1   0   22   .955                       
     f Scooter Gennett          1   0    2.0    1    0   0   0    1  1.000                       
       Total                  164 162 1428.3  288    8   5   1  301   .983                       
                                                                                                 
cf   n Nori Aoki               97  94  809.3  194    6   1   1  201   .995                       
       Denard Span             56  47  430.0   92    2   1   0   95   .989                       
     f Harrison Bader          21  21  189.0   51    3   1   0   55   .982                       
       Total                  174 162 1428.3  337   11   3   1  351   .991                       
                                                                                                 
rf     Whit Merrifield        110 110  962.3  170   10   6   2  186   .968                       
       Mark Trumbo             39  39  344.0   47    1   4   0   52   .923                       
       Trey Mancini             9   7   64.0   13    1   1   0   15   .933                       
     f Harrison Bader           6   6   56.0   12    1   0   1   13  1.000                       
     f Scooter Gennett          1   0    2.0    0    0   0   0    0   .000                       
       Total                  165 162 1428.3  242   13  11   3  266   .959                       
                                                                                                 
       Total                  162 162 1428.3 4285 1801  77 184 6163   .988  16                 
       