  
                                 DMB team batting -- 2019 Arlington Armadillos                            
                                 Regular season -- as of 9/27/2019                                  

S Name               P    AVG   OBP   SPC    G   AB    H  2B  3B  HR    R  RBI   BB    K HBP  IW  SB  CS 
  Crawford,JP*       ss  .400  .400  .500   17   10    4   1   0   0    0    0    0    3   0   0   0   0 
  Robles,V           cf  .318  .360  .636   27   22    7   4   0   1    3    7    2    7   0   0   0   0 
  Merrifield         2b  .291  .348  .381  162  687  200  43   2   5  103   45   55  143   7   5  31   7 
  Gennett*           2b  .280  .341  .436  161  635  178  34   1  21   94   92   50  147  10  11   1   0 
  Trumbo             dh  .272  .350  .429   93  268   73   9   0  11   41   40   32   72   1   0   0   0 
  Escobar,E#         3b  .271  .337  .494  162  642  174  56   3  27   95  104   57  165  10   3   1   4 
  Mancini            lf  .269  .324  .479  159  516  139  25   4  25   74   81   38  132   6   0   0   1 
  Bader              cf  .261  .332  .415   81  287   75   8   0  12   45   45   21  108  10   4  12   3 
  Panik*             2b  .261  .296  .343   81  230   60   6   2   3   22   19   12   23   0   0   4   2 
  Devers*            3b  .256  .309  .424   85  238   61   7   0  11   26   36   18   75   0   1   0   0 
  Kratz              c   .252  .267  .409   42  127   32   6   1   4   12   22    3   24   0   0   1   0 
  Garver             c   .252  .285  .373  107  314   79  21   4   3   28   35   13   87   2   0   0   0 
  Arenado            3b  .247  .307  .437  159  636  157  30   2  29   90   97   58  141   2  11   0   1 
  Span*              lf  .240  .330  .371  139  396   95  18   5   8   55   47   47   68   7   3   6   1 
  Polanco,J#         ss  .209  .277  .314   54  191   40   7   2   3   18   28   17   46   2   2   3   1 
f Wolters*           c   .177  .275  .284   64  141   25   5   2   2   17    7   11   31   8   0   0   0 
  Pitchers               .000  .000  .000  162    0    0   0   0   0    0    0    0    0   0   0   0   0 
  Other                  .260  .322  .313   94  300   78   9   2   1   32   27   23   58   5   0  13   5 
  Total                  .262  .323  .412  162 5640 1477 289  30 166  755  732  457 1330  70  40  72  25 


                         DMB team pitching -- 2019 Arlington Armadillos                           
                                 Regular season -- as of 9/27/2019                                  

S Name               P     ERA   W   L   S   G  GS  CG SHO     INN    H    R   ER   BB    K  HR GDP    BF 
f Crick              mr   2.18   8   1   0  43   0   0   0    62.0   47   16   15   17   56   1   2   251 
  Treinen            cl   2.41   4   7  35  59   0   0   0    78.1   65   21   21   13   90   3   3   310 
f Jeffress           mr   2.63   5   6   2  41   0   0   0    65.0   43   19   19   21   66   7  11   250 
  Devenski           mr   2.79   0   0   0   7   0   0   0     9.2    8    3    3    0    9   1   0    37 
f Lugo,S             mr   2.84   6   3   0  51   5   1   0   111.0   90   40   35   38  106  18  11   456 
f Miley*             sp   3.59   5   4   0  16  16   0   0    87.2   78   40   35   33   49   6   6   370 
  Wacha              sp   3.90   2   2   0   6   6   0   0    32.1   31   18   14   10   22   4   1   137 
f McHugh             mr   4.34   0   4   1  43   0   0   0    74.2   75   37   36   24   88   6   4   325 
  Harris             mr   4.42   2   2   1  32   0   0   0    38.2   42   22   19   16   41   5   5   174 
f Ziegler            mr   4.89   3   2   0  47   0   0   0    70.0   89   42   38   19   38  11  16   309 
  Poyner*            mr   4.95   1   0   0  16   0   0   0    20.0   21   12   11    7   25   3   0    90 
  Gant               sp   5.15   7   5   0  15  15   0   0    78.2   73   47   45   39   72   6   5   354 
  Matz*              sp   5.32   9  10   0  30  30   0   0   150.2  160   97   89   68  133  25  22   670 
  Gibson             sp   5.32   8  14   0  33  32   2   0   186.0  196  121  110   71  158  31  27   807 
f Barria             sp   5.49   4   8   0  26  26   0   0   134.1  143   86   82   53   78  25  12   599 
  Melancon           mr   5.91   0   0   0  10   0   0   0    10.2   19    9    7    4   11   1   3    55 
  Hernandez,F        sp   6.46   5  15   0  28  28   1   0   149.0  185  113  107   44  124  30  20   669 
  Brach              mr   7.11   0   1   0   6   0   0   0     6.1   12    6    5    2    4   0   0    34 
  Garcia,Jai*        mr   7.19   1   0   0  39   0   0   0    56.1   62   48   45   30   50  17   7   259 
  Brebbia            mr   8.03   2   2   0  14   0   0   0    12.1   19   16   11    8   13   6   0    66 
  Wainwright         sp   8.76   1   2   0   3   3   0   0    12.1   18   12   12    4   15   4   4    57 
f Reyes,A            sp  27.00   0   1   0   1   1   0   0     2.2    9    8    8    0    1   0   0    17 
  Total                   4.77  73  89  39 162 162   4   6  1448.2 1485  833  767  521 1249 210 159  6296 
